human_date_time,link,sender_names_alias
Fri Jan 26 16:20:49 2007,http://mail-archives.apache.org/mod_mbox/activemq-users/200701.mbox/<8653911.post@talk.nabble.com>,igah
Thu Jan 25 18:54:24 2007,http://mail-archives.apache.org/mod_mbox/activemq-users/200701.mbox/<8639042.post@talk.nabble.com>,igah
Thu Jan 25 20:01:09 2007,http://mail-archives.apache.org/mod_mbox/activemq-users/200701.mbox/<8640000.post@talk.nabble.com>,igah
Tue Jan 30 02:31:47 2007,http://mail-archives.apache.org/mod_mbox/activemq-users/200701.mbox/<8702320.post@talk.nabble.com>,igah
Tue Jan 30 04:52:11 2007,http://mail-archives.apache.org/mod_mbox/activemq-users/200701.mbox/<8703850.post@talk.nabble.com>,igah
