human_date_time,link,sender_names_alias
Mon May  4 22:01:11 2009,http://mail-archives.apache.org/mod_mbox/thrift-commits/200905.mbox/<20090504220048.44CB12388C01@eris.apache.org>,kclark
Mon May  4 22:01:11 2009,http://mail-archives.apache.org/mod_mbox/thrift-commits/200905.mbox/<20090504220048.44CB12388C01@eris.apache.org>,kclark
Tue May  5 00:44:23 2009,http://mail-archives.apache.org/mod_mbox/thrift-commits/200905.mbox/<20090505004359.AD4C923888AF@eris.apache.org>,kclark
Tue May  5 00:44:23 2009,http://mail-archives.apache.org/mod_mbox/thrift-commits/200905.mbox/<20090505004359.AD4C923888AF@eris.apache.org>,kclark
Tue May  5 00:53:24 2009,http://mail-archives.apache.org/mod_mbox/thrift-commits/200905.mbox/<20090505005301.E4AD123888AF@eris.apache.org>,kclark
Tue May  5 00:56:53 2009,http://mail-archives.apache.org/mod_mbox/thrift-commits/200905.mbox/<20090505005631.ED43E23888AF@eris.apache.org>,kclark
Tue May  5 00:56:53 2009,http://mail-archives.apache.org/mod_mbox/thrift-commits/200905.mbox/<20090505005631.ED43E23888AF@eris.apache.org>,kclark
Tue May  5 00:56:53 2009,http://mail-archives.apache.org/mod_mbox/thrift-commits/200905.mbox/<20090505005631.ED43E23888AF@eris.apache.org>,kclark
Tue May  5 00:56:53 2009,http://mail-archives.apache.org/mod_mbox/thrift-commits/200905.mbox/<20090505005631.ED43E23888AF@eris.apache.org>,kclark
Tue May  5 00:56:53 2009,http://mail-archives.apache.org/mod_mbox/thrift-commits/200905.mbox/<20090505005631.ED43E23888AF@eris.apache.org>,kclark
Tue May  5 00:56:53 2009,http://mail-archives.apache.org/mod_mbox/thrift-commits/200905.mbox/<20090505005631.ED43E23888AF@eris.apache.org>,kclark
Tue May  5 00:56:53 2009,http://mail-archives.apache.org/mod_mbox/thrift-commits/200905.mbox/<20090505005631.ED43E23888AF@eris.apache.org>,kclark
