human_date_time,link,sender_names_alias
Tue Jun 21 23:22:19 2016,http://mail-archives.apache.org/mod_mbox/tephra-commits/201606.mbox/<20160621232212.452A23A031D@svn01-us-west.apache.org>,chtyim
Tue Jun 21 23:22:19 2016,http://mail-archives.apache.org/mod_mbox/tephra-commits/201606.mbox/<20160621232212.452A23A031D@svn01-us-west.apache.org>,chtyim
Tue Jun 21 23:22:19 2016,http://mail-archives.apache.org/mod_mbox/tephra-commits/201606.mbox/<20160621232212.452A23A031D@svn01-us-west.apache.org>,chtyim
Tue Jun 21 23:22:19 2016,http://mail-archives.apache.org/mod_mbox/tephra-commits/201606.mbox/<20160621232212.452A23A031D@svn01-us-west.apache.org>,chtyim
Tue Jun 21 23:22:19 2016,http://mail-archives.apache.org/mod_mbox/tephra-commits/201606.mbox/<20160621232212.452A23A031D@svn01-us-west.apache.org>,chtyim
Tue Jun 21 23:22:19 2016,http://mail-archives.apache.org/mod_mbox/tephra-commits/201606.mbox/<20160621232212.452A23A031D@svn01-us-west.apache.org>,chtyim
Tue Jun 21 23:22:19 2016,http://mail-archives.apache.org/mod_mbox/tephra-commits/201606.mbox/<20160621232212.452A23A031D@svn01-us-west.apache.org>,chtyim
Tue Jun 21 23:22:19 2016,http://mail-archives.apache.org/mod_mbox/tephra-commits/201606.mbox/<20160621232212.452A23A031D@svn01-us-west.apache.org>,chtyim
Tue Jun 21 23:22:19 2016,http://mail-archives.apache.org/mod_mbox/tephra-commits/201606.mbox/<20160621232212.452A23A031D@svn01-us-west.apache.org>,chtyim
Tue Jun 21 23:22:19 2016,http://mail-archives.apache.org/mod_mbox/tephra-commits/201606.mbox/<20160621232212.452A23A031D@svn01-us-west.apache.org>,chtyim
Tue Jun 21 23:22:19 2016,http://mail-archives.apache.org/mod_mbox/tephra-commits/201606.mbox/<20160621232212.452A23A031D@svn01-us-west.apache.org>,chtyim
Tue Jun 21 23:22:19 2016,http://mail-archives.apache.org/mod_mbox/tephra-commits/201606.mbox/<20160621232212.452A23A031D@svn01-us-west.apache.org>,chtyim
Tue Jun 21 23:22:19 2016,http://mail-archives.apache.org/mod_mbox/tephra-commits/201606.mbox/<20160621232212.452A23A031D@svn01-us-west.apache.org>,chtyim
Tue Jun 21 23:22:19 2016,http://mail-archives.apache.org/mod_mbox/tephra-commits/201606.mbox/<20160621232212.452A23A031D@svn01-us-west.apache.org>,chtyim
Tue Jun 21 23:22:19 2016,http://mail-archives.apache.org/mod_mbox/tephra-commits/201606.mbox/<20160621232212.452A23A031D@svn01-us-west.apache.org>,chtyim
Tue Jun 21 23:22:19 2016,http://mail-archives.apache.org/mod_mbox/tephra-commits/201606.mbox/<20160621232212.452A23A031D@svn01-us-west.apache.org>,chtyim
Tue Jun 21 23:22:19 2016,http://mail-archives.apache.org/mod_mbox/tephra-commits/201606.mbox/<20160621232212.452A23A031D@svn01-us-west.apache.org>,chtyim
Tue Jun 21 23:22:19 2016,http://mail-archives.apache.org/mod_mbox/tephra-commits/201606.mbox/<20160621232212.452A23A031D@svn01-us-west.apache.org>,chtyim
Tue Jun 21 23:22:19 2016,http://mail-archives.apache.org/mod_mbox/tephra-commits/201606.mbox/<20160621232212.452A23A031D@svn01-us-west.apache.org>,chtyim
Tue Jun 21 23:22:19 2016,http://mail-archives.apache.org/mod_mbox/tephra-commits/201606.mbox/<20160621232212.452A23A031D@svn01-us-west.apache.org>,chtyim
Tue Jun 21 23:22:19 2016,http://mail-archives.apache.org/mod_mbox/tephra-commits/201606.mbox/<20160621232212.452A23A031D@svn01-us-west.apache.org>,chtyim
Tue Jun 21 23:22:19 2016,http://mail-archives.apache.org/mod_mbox/tephra-commits/201606.mbox/<20160621232212.452A23A031D@svn01-us-west.apache.org>,chtyim
Tue Jun 21 23:22:19 2016,http://mail-archives.apache.org/mod_mbox/tephra-commits/201606.mbox/<20160621232212.452A23A031D@svn01-us-west.apache.org>,chtyim
Tue Jun 21 23:22:19 2016,http://mail-archives.apache.org/mod_mbox/tephra-commits/201606.mbox/<20160621232212.452A23A031D@svn01-us-west.apache.org>,chtyim
Tue Jun 21 23:22:19 2016,http://mail-archives.apache.org/mod_mbox/tephra-commits/201606.mbox/<20160621232212.452A23A031D@svn01-us-west.apache.org>,chtyim
Tue Jun 21 23:22:19 2016,http://mail-archives.apache.org/mod_mbox/tephra-commits/201606.mbox/<20160621232212.452A23A031D@svn01-us-west.apache.org>,chtyim
Tue Jun 21 23:22:19 2016,http://mail-archives.apache.org/mod_mbox/tephra-commits/201606.mbox/<20160621232212.452A23A031D@svn01-us-west.apache.org>,chtyim
Tue Jun 21 23:22:19 2016,http://mail-archives.apache.org/mod_mbox/tephra-commits/201606.mbox/<20160621232212.452A23A031D@svn01-us-west.apache.org>,chtyim
Tue Jun 21 23:22:19 2016,http://mail-archives.apache.org/mod_mbox/tephra-commits/201606.mbox/<20160621232212.452A23A031D@svn01-us-west.apache.org>,chtyim
Tue Jun 21 23:22:19 2016,http://mail-archives.apache.org/mod_mbox/tephra-commits/201606.mbox/<20160621232212.452A23A031D@svn01-us-west.apache.org>,chtyim
Tue Jun 21 23:22:19 2016,http://mail-archives.apache.org/mod_mbox/tephra-commits/201606.mbox/<20160621232212.452A23A031D@svn01-us-west.apache.org>,chtyim
Tue Jun 21 23:22:19 2016,http://mail-archives.apache.org/mod_mbox/tephra-commits/201606.mbox/<20160621232212.452A23A031D@svn01-us-west.apache.org>,chtyim
Tue Jun 21 23:22:19 2016,http://mail-archives.apache.org/mod_mbox/tephra-commits/201606.mbox/<20160621232212.452A23A031D@svn01-us-west.apache.org>,chtyim
Tue Jun 21 23:22:19 2016,http://mail-archives.apache.org/mod_mbox/tephra-commits/201606.mbox/<20160621232212.452A23A031D@svn01-us-west.apache.org>,chtyim
Tue Jun 21 23:22:19 2016,http://mail-archives.apache.org/mod_mbox/tephra-commits/201606.mbox/<20160621232212.452A23A031D@svn01-us-west.apache.org>,chtyim
Tue Jun 21 23:22:19 2016,http://mail-archives.apache.org/mod_mbox/tephra-commits/201606.mbox/<20160621232212.452A23A031D@svn01-us-west.apache.org>,chtyim
Tue Jun 21 23:22:19 2016,http://mail-archives.apache.org/mod_mbox/tephra-commits/201606.mbox/<20160621232212.452A23A031D@svn01-us-west.apache.org>,chtyim
Tue Jun 21 23:22:19 2016,http://mail-archives.apache.org/mod_mbox/tephra-commits/201606.mbox/<20160621232212.452A23A031D@svn01-us-west.apache.org>,chtyim
Tue Jun 21 23:22:19 2016,http://mail-archives.apache.org/mod_mbox/tephra-commits/201606.mbox/<20160621232212.452A23A031D@svn01-us-west.apache.org>,chtyim
Tue Jun 21 23:22:19 2016,http://mail-archives.apache.org/mod_mbox/tephra-commits/201606.mbox/<20160621232212.452A23A031D@svn01-us-west.apache.org>,chtyim
Tue Jun 21 23:22:19 2016,http://mail-archives.apache.org/mod_mbox/tephra-commits/201606.mbox/<20160621232212.452A23A031D@svn01-us-west.apache.org>,chtyim
Tue Jun 21 23:22:19 2016,http://mail-archives.apache.org/mod_mbox/tephra-commits/201606.mbox/<20160621232212.452A23A031D@svn01-us-west.apache.org>,chtyim
Tue Jun 21 23:22:19 2016,http://mail-archives.apache.org/mod_mbox/tephra-commits/201606.mbox/<20160621232212.452A23A031D@svn01-us-west.apache.org>,chtyim
Tue Jun 21 23:22:19 2016,http://mail-archives.apache.org/mod_mbox/tephra-commits/201606.mbox/<20160621232212.452A23A031D@svn01-us-west.apache.org>,chtyim
Tue Jun 21 23:22:19 2016,http://mail-archives.apache.org/mod_mbox/tephra-commits/201606.mbox/<20160621232212.452A23A031D@svn01-us-west.apache.org>,chtyim
Tue Jun 21 23:22:19 2016,http://mail-archives.apache.org/mod_mbox/tephra-commits/201606.mbox/<20160621232212.452A23A031D@svn01-us-west.apache.org>,chtyim
Tue Jun 21 23:22:19 2016,http://mail-archives.apache.org/mod_mbox/tephra-commits/201606.mbox/<20160621232212.452A23A031D@svn01-us-west.apache.org>,chtyim
Tue Jun 21 23:22:19 2016,http://mail-archives.apache.org/mod_mbox/tephra-commits/201606.mbox/<20160621232212.452A23A031D@svn01-us-west.apache.org>,chtyim
Tue Jun 21 23:22:19 2016,http://mail-archives.apache.org/mod_mbox/tephra-commits/201606.mbox/<20160621232212.452A23A031D@svn01-us-west.apache.org>,chtyim
Tue Jun 21 23:22:19 2016,http://mail-archives.apache.org/mod_mbox/tephra-commits/201606.mbox/<20160621232212.452A23A031D@svn01-us-west.apache.org>,chtyim
Tue Jun 21 23:22:19 2016,http://mail-archives.apache.org/mod_mbox/tephra-commits/201606.mbox/<20160621232212.452A23A031D@svn01-us-west.apache.org>,chtyim
Tue Jun 21 23:22:19 2016,http://mail-archives.apache.org/mod_mbox/tephra-commits/201606.mbox/<20160621232212.452A23A031D@svn01-us-west.apache.org>,chtyim
Tue Jun 21 23:22:19 2016,http://mail-archives.apache.org/mod_mbox/tephra-commits/201606.mbox/<20160621232212.452A23A031D@svn01-us-west.apache.org>,chtyim
Tue Jun 21 23:22:19 2016,http://mail-archives.apache.org/mod_mbox/tephra-commits/201606.mbox/<20160621232212.452A23A031D@svn01-us-west.apache.org>,chtyim
Tue Jun 21 23:22:19 2016,http://mail-archives.apache.org/mod_mbox/tephra-commits/201606.mbox/<20160621232212.452A23A031D@svn01-us-west.apache.org>,chtyim
Tue Jun 21 23:22:19 2016,http://mail-archives.apache.org/mod_mbox/tephra-commits/201606.mbox/<20160621232212.452A23A031D@svn01-us-west.apache.org>,chtyim
Tue Jun 21 23:22:19 2016,http://mail-archives.apache.org/mod_mbox/tephra-commits/201606.mbox/<20160621232212.452A23A031D@svn01-us-west.apache.org>,chtyim
Tue Jun 21 23:22:19 2016,http://mail-archives.apache.org/mod_mbox/tephra-commits/201606.mbox/<20160621232212.452A23A031D@svn01-us-west.apache.org>,chtyim
Tue Jun 21 23:22:19 2016,http://mail-archives.apache.org/mod_mbox/tephra-commits/201606.mbox/<20160621232212.452A23A031D@svn01-us-west.apache.org>,chtyim
Tue Jun 21 23:22:19 2016,http://mail-archives.apache.org/mod_mbox/tephra-commits/201606.mbox/<20160621232212.452A23A031D@svn01-us-west.apache.org>,chtyim
Tue Jun 21 23:22:19 2016,http://mail-archives.apache.org/mod_mbox/tephra-commits/201606.mbox/<20160621232212.452A23A031D@svn01-us-west.apache.org>,chtyim
Tue Jun 21 23:22:19 2016,http://mail-archives.apache.org/mod_mbox/tephra-commits/201606.mbox/<20160621232212.452A23A031D@svn01-us-west.apache.org>,chtyim
Tue Jun 21 23:22:19 2016,http://mail-archives.apache.org/mod_mbox/tephra-commits/201606.mbox/<20160621232212.452A23A031D@svn01-us-west.apache.org>,chtyim
Tue Jun 21 23:22:19 2016,http://mail-archives.apache.org/mod_mbox/tephra-commits/201606.mbox/<20160621232212.452A23A031D@svn01-us-west.apache.org>,chtyim
Tue Jun 21 23:22:19 2016,http://mail-archives.apache.org/mod_mbox/tephra-commits/201606.mbox/<20160621232212.452A23A031D@svn01-us-west.apache.org>,chtyim
Tue Jun 21 23:22:19 2016,http://mail-archives.apache.org/mod_mbox/tephra-commits/201606.mbox/<20160621232212.452A23A031D@svn01-us-west.apache.org>,chtyim
Tue Jun 21 23:22:19 2016,http://mail-archives.apache.org/mod_mbox/tephra-commits/201606.mbox/<20160621232212.452A23A031D@svn01-us-west.apache.org>,chtyim
Tue Jun 21 23:22:19 2016,http://mail-archives.apache.org/mod_mbox/tephra-commits/201606.mbox/<20160621232212.452A23A031D@svn01-us-west.apache.org>,chtyim
Tue Jun 21 23:22:19 2016,http://mail-archives.apache.org/mod_mbox/tephra-commits/201606.mbox/<20160621232212.452A23A031D@svn01-us-west.apache.org>,chtyim
Tue Jun 21 23:22:19 2016,http://mail-archives.apache.org/mod_mbox/tephra-commits/201606.mbox/<20160621232212.452A23A031D@svn01-us-west.apache.org>,chtyim
Tue Jun 21 23:22:19 2016,http://mail-archives.apache.org/mod_mbox/tephra-commits/201606.mbox/<20160621232212.452A23A031D@svn01-us-west.apache.org>,chtyim
Tue Jun 21 23:22:19 2016,http://mail-archives.apache.org/mod_mbox/tephra-commits/201606.mbox/<20160621232212.452A23A031D@svn01-us-west.apache.org>,chtyim
Tue Jun 21 23:22:19 2016,http://mail-archives.apache.org/mod_mbox/tephra-commits/201606.mbox/<20160621232212.452A23A031D@svn01-us-west.apache.org>,chtyim
Tue Jun 21 23:22:19 2016,http://mail-archives.apache.org/mod_mbox/tephra-commits/201606.mbox/<20160621232212.452A23A031D@svn01-us-west.apache.org>,chtyim
Tue Jun 21 23:22:19 2016,http://mail-archives.apache.org/mod_mbox/tephra-commits/201606.mbox/<20160621232212.452A23A031D@svn01-us-west.apache.org>,chtyim
Tue Jun 21 23:22:19 2016,http://mail-archives.apache.org/mod_mbox/tephra-commits/201606.mbox/<20160621232212.452A23A031D@svn01-us-west.apache.org>,chtyim
Tue Jun 21 23:22:19 2016,http://mail-archives.apache.org/mod_mbox/tephra-commits/201606.mbox/<20160621232212.452A23A031D@svn01-us-west.apache.org>,chtyim
Tue Jun 21 23:22:19 2016,http://mail-archives.apache.org/mod_mbox/tephra-commits/201606.mbox/<20160621232212.452A23A031D@svn01-us-west.apache.org>,chtyim
Tue Jun 21 23:22:19 2016,http://mail-archives.apache.org/mod_mbox/tephra-commits/201606.mbox/<20160621232212.452A23A031D@svn01-us-west.apache.org>,chtyim
Tue Jun 21 23:22:19 2016,http://mail-archives.apache.org/mod_mbox/tephra-commits/201606.mbox/<20160621232212.452A23A031D@svn01-us-west.apache.org>,chtyim
Tue Jun 21 23:22:19 2016,http://mail-archives.apache.org/mod_mbox/tephra-commits/201606.mbox/<20160621232212.452A23A031D@svn01-us-west.apache.org>,chtyim
Tue Jun 21 23:22:20 2016,http://mail-archives.apache.org/mod_mbox/tephra-commits/201606.mbox/<20160621232212.42BBF3A06E1@svn01-us-west.apache.org>,chtyim
Tue Jun 21 23:22:20 2016,http://mail-archives.apache.org/mod_mbox/tephra-commits/201606.mbox/<20160621232212.42BBF3A06E1@svn01-us-west.apache.org>,chtyim
Tue Jun 21 23:22:20 2016,http://mail-archives.apache.org/mod_mbox/tephra-commits/201606.mbox/<20160621232212.42BBF3A06E1@svn01-us-west.apache.org>,chtyim
Tue Jun 21 23:22:20 2016,http://mail-archives.apache.org/mod_mbox/tephra-commits/201606.mbox/<20160621232212.42BBF3A06E1@svn01-us-west.apache.org>,chtyim
Tue Jun 21 23:22:20 2016,http://mail-archives.apache.org/mod_mbox/tephra-commits/201606.mbox/<20160621232212.42BBF3A06E1@svn01-us-west.apache.org>,chtyim
Tue Jun 21 23:22:20 2016,http://mail-archives.apache.org/mod_mbox/tephra-commits/201606.mbox/<20160621232212.42BBF3A06E1@svn01-us-west.apache.org>,chtyim
Tue Jun 21 23:22:20 2016,http://mail-archives.apache.org/mod_mbox/tephra-commits/201606.mbox/<20160621232212.42BBF3A06E1@svn01-us-west.apache.org>,chtyim
Tue Jun 21 23:22:20 2016,http://mail-archives.apache.org/mod_mbox/tephra-commits/201606.mbox/<20160621232212.42BBF3A06E1@svn01-us-west.apache.org>,chtyim
Tue Jun 21 23:22:20 2016,http://mail-archives.apache.org/mod_mbox/tephra-commits/201606.mbox/<20160621232212.42BBF3A06E1@svn01-us-west.apache.org>,chtyim
Tue Jun 21 23:22:20 2016,http://mail-archives.apache.org/mod_mbox/tephra-commits/201606.mbox/<20160621232212.42BBF3A06E1@svn01-us-west.apache.org>,chtyim
Tue Jun 21 23:22:20 2016,http://mail-archives.apache.org/mod_mbox/tephra-commits/201606.mbox/<20160621232212.42BBF3A06E1@svn01-us-west.apache.org>,chtyim
Tue Jun 21 23:22:20 2016,http://mail-archives.apache.org/mod_mbox/tephra-commits/201606.mbox/<20160621232212.42BBF3A06E1@svn01-us-west.apache.org>,chtyim
Tue Jun 21 23:22:20 2016,http://mail-archives.apache.org/mod_mbox/tephra-commits/201606.mbox/<20160621232212.42BBF3A06E1@svn01-us-west.apache.org>,chtyim
Tue Jun 21 23:22:20 2016,http://mail-archives.apache.org/mod_mbox/tephra-commits/201606.mbox/<20160621232212.42BBF3A06E1@svn01-us-west.apache.org>,chtyim
Tue Jun 21 23:22:20 2016,http://mail-archives.apache.org/mod_mbox/tephra-commits/201606.mbox/<20160621232212.42BBF3A06E1@svn01-us-west.apache.org>,chtyim
Tue Jun 21 23:22:20 2016,http://mail-archives.apache.org/mod_mbox/tephra-commits/201606.mbox/<20160621232212.42BBF3A06E1@svn01-us-west.apache.org>,chtyim
Tue Jun 21 23:22:20 2016,http://mail-archives.apache.org/mod_mbox/tephra-commits/201606.mbox/<20160621232212.42BBF3A06E1@svn01-us-west.apache.org>,chtyim
Tue Jun 21 23:22:20 2016,http://mail-archives.apache.org/mod_mbox/tephra-commits/201606.mbox/<20160621232212.42BBF3A06E1@svn01-us-west.apache.org>,chtyim
Tue Jun 21 23:22:20 2016,http://mail-archives.apache.org/mod_mbox/tephra-commits/201606.mbox/<20160621232212.42BBF3A06E1@svn01-us-west.apache.org>,chtyim
Tue Jun 21 23:22:20 2016,http://mail-archives.apache.org/mod_mbox/tephra-commits/201606.mbox/<20160621232212.42BBF3A06E1@svn01-us-west.apache.org>,chtyim
Tue Jun 21 23:22:20 2016,http://mail-archives.apache.org/mod_mbox/tephra-commits/201606.mbox/<20160621232212.42BBF3A06E1@svn01-us-west.apache.org>,chtyim
Tue Jun 21 23:22:20 2016,http://mail-archives.apache.org/mod_mbox/tephra-commits/201606.mbox/<20160621232212.42BBF3A06E1@svn01-us-west.apache.org>,chtyim
Tue Jun 21 23:22:20 2016,http://mail-archives.apache.org/mod_mbox/tephra-commits/201606.mbox/<20160621232212.42BBF3A06E1@svn01-us-west.apache.org>,chtyim
Tue Jun 21 23:22:20 2016,http://mail-archives.apache.org/mod_mbox/tephra-commits/201606.mbox/<20160621232212.42BBF3A06E1@svn01-us-west.apache.org>,chtyim
Tue Jun 21 23:22:20 2016,http://mail-archives.apache.org/mod_mbox/tephra-commits/201606.mbox/<20160621232212.42BBF3A06E1@svn01-us-west.apache.org>,chtyim
Tue Jun 21 23:22:20 2016,http://mail-archives.apache.org/mod_mbox/tephra-commits/201606.mbox/<20160621232212.42BBF3A06E1@svn01-us-west.apache.org>,chtyim
Tue Jun 21 23:22:20 2016,http://mail-archives.apache.org/mod_mbox/tephra-commits/201606.mbox/<20160621232212.42BBF3A06E1@svn01-us-west.apache.org>,chtyim
Tue Jun 21 23:22:20 2016,http://mail-archives.apache.org/mod_mbox/tephra-commits/201606.mbox/<20160621232212.42BBF3A06E1@svn01-us-west.apache.org>,chtyim
Tue Jun 21 23:22:20 2016,http://mail-archives.apache.org/mod_mbox/tephra-commits/201606.mbox/<20160621232212.42BBF3A06E1@svn01-us-west.apache.org>,chtyim
Tue Jun 21 23:22:20 2016,http://mail-archives.apache.org/mod_mbox/tephra-commits/201606.mbox/<20160621232212.42BBF3A06E1@svn01-us-west.apache.org>,chtyim
Tue Jun 21 23:22:20 2016,http://mail-archives.apache.org/mod_mbox/tephra-commits/201606.mbox/<20160621232212.42BBF3A06E1@svn01-us-west.apache.org>,chtyim
Tue Jun 21 23:22:20 2016,http://mail-archives.apache.org/mod_mbox/tephra-commits/201606.mbox/<20160621232212.42BBF3A06E1@svn01-us-west.apache.org>,chtyim
Tue Jun 21 23:22:20 2016,http://mail-archives.apache.org/mod_mbox/tephra-commits/201606.mbox/<20160621232212.42BBF3A06E1@svn01-us-west.apache.org>,chtyim
Tue Jun 21 23:22:20 2016,http://mail-archives.apache.org/mod_mbox/tephra-commits/201606.mbox/<20160621232212.42BBF3A06E1@svn01-us-west.apache.org>,chtyim
Tue Jun 21 23:22:20 2016,http://mail-archives.apache.org/mod_mbox/tephra-commits/201606.mbox/<20160621232212.42BBF3A06E1@svn01-us-west.apache.org>,chtyim
Tue Jun 21 23:22:20 2016,http://mail-archives.apache.org/mod_mbox/tephra-commits/201606.mbox/<20160621232212.42BBF3A06E1@svn01-us-west.apache.org>,chtyim
Tue Jun 21 23:22:20 2016,http://mail-archives.apache.org/mod_mbox/tephra-commits/201606.mbox/<20160621232212.42BBF3A06E1@svn01-us-west.apache.org>,chtyim
Tue Jun 21 23:22:20 2016,http://mail-archives.apache.org/mod_mbox/tephra-commits/201606.mbox/<20160621232212.42BBF3A06E1@svn01-us-west.apache.org>,chtyim
Tue Jun 21 23:22:20 2016,http://mail-archives.apache.org/mod_mbox/tephra-commits/201606.mbox/<20160621232212.42BBF3A06E1@svn01-us-west.apache.org>,chtyim
Tue Jun 21 23:22:20 2016,http://mail-archives.apache.org/mod_mbox/tephra-commits/201606.mbox/<20160621232212.42BBF3A06E1@svn01-us-west.apache.org>,chtyim
Tue Jun 21 23:22:20 2016,http://mail-archives.apache.org/mod_mbox/tephra-commits/201606.mbox/<20160621232212.42BBF3A06E1@svn01-us-west.apache.org>,chtyim
Tue Jun 21 23:22:20 2016,http://mail-archives.apache.org/mod_mbox/tephra-commits/201606.mbox/<20160621232212.42BBF3A06E1@svn01-us-west.apache.org>,chtyim
Tue Jun 21 23:22:20 2016,http://mail-archives.apache.org/mod_mbox/tephra-commits/201606.mbox/<20160621232212.42BBF3A06E1@svn01-us-west.apache.org>,chtyim
Tue Jun 21 23:22:20 2016,http://mail-archives.apache.org/mod_mbox/tephra-commits/201606.mbox/<20160621232212.42BBF3A06E1@svn01-us-west.apache.org>,chtyim
Tue Jun 21 23:22:20 2016,http://mail-archives.apache.org/mod_mbox/tephra-commits/201606.mbox/<20160621232212.42BBF3A06E1@svn01-us-west.apache.org>,chtyim
Tue Jun 21 23:22:20 2016,http://mail-archives.apache.org/mod_mbox/tephra-commits/201606.mbox/<20160621232212.42BBF3A06E1@svn01-us-west.apache.org>,chtyim
Tue Jun 21 23:22:20 2016,http://mail-archives.apache.org/mod_mbox/tephra-commits/201606.mbox/<20160621232212.42BBF3A06E1@svn01-us-west.apache.org>,chtyim
Tue Jun 21 23:22:20 2016,http://mail-archives.apache.org/mod_mbox/tephra-commits/201606.mbox/<20160621232212.42BBF3A06E1@svn01-us-west.apache.org>,chtyim
Tue Jun 21 23:22:20 2016,http://mail-archives.apache.org/mod_mbox/tephra-commits/201606.mbox/<20160621232212.42BBF3A06E1@svn01-us-west.apache.org>,chtyim
Tue Jun 21 23:22:20 2016,http://mail-archives.apache.org/mod_mbox/tephra-commits/201606.mbox/<20160621232212.42BBF3A06E1@svn01-us-west.apache.org>,chtyim
Tue Jun 21 23:22:20 2016,http://mail-archives.apache.org/mod_mbox/tephra-commits/201606.mbox/<20160621232212.42BBF3A06E1@svn01-us-west.apache.org>,chtyim
Tue Jun 21 23:22:20 2016,http://mail-archives.apache.org/mod_mbox/tephra-commits/201606.mbox/<20160621232212.42BBF3A06E1@svn01-us-west.apache.org>,chtyim
Tue Jun 21 23:22:20 2016,http://mail-archives.apache.org/mod_mbox/tephra-commits/201606.mbox/<20160621232212.42BBF3A06E1@svn01-us-west.apache.org>,chtyim
Tue Jun 21 23:22:20 2016,http://mail-archives.apache.org/mod_mbox/tephra-commits/201606.mbox/<20160621232212.42BBF3A06E1@svn01-us-west.apache.org>,chtyim
Tue Jun 21 23:22:20 2016,http://mail-archives.apache.org/mod_mbox/tephra-commits/201606.mbox/<20160621232212.42BBF3A06E1@svn01-us-west.apache.org>,chtyim
Tue Jun 21 23:22:20 2016,http://mail-archives.apache.org/mod_mbox/tephra-commits/201606.mbox/<20160621232212.42BBF3A06E1@svn01-us-west.apache.org>,chtyim
Tue Jun 21 23:22:20 2016,http://mail-archives.apache.org/mod_mbox/tephra-commits/201606.mbox/<20160621232212.42BBF3A06E1@svn01-us-west.apache.org>,chtyim
Tue Jun 21 23:22:20 2016,http://mail-archives.apache.org/mod_mbox/tephra-commits/201606.mbox/<20160621232212.42BBF3A06E1@svn01-us-west.apache.org>,chtyim
Tue Jun 21 23:22:20 2016,http://mail-archives.apache.org/mod_mbox/tephra-commits/201606.mbox/<20160621232212.42BBF3A06E1@svn01-us-west.apache.org>,chtyim
Tue Jun 21 23:22:20 2016,http://mail-archives.apache.org/mod_mbox/tephra-commits/201606.mbox/<20160621232212.42BBF3A06E1@svn01-us-west.apache.org>,chtyim
Tue Jun 21 23:22:20 2016,http://mail-archives.apache.org/mod_mbox/tephra-commits/201606.mbox/<20160621232212.42BBF3A06E1@svn01-us-west.apache.org>,chtyim
Tue Jun 21 23:22:20 2016,http://mail-archives.apache.org/mod_mbox/tephra-commits/201606.mbox/<20160621232212.42BBF3A06E1@svn01-us-west.apache.org>,chtyim
Tue Jun 21 23:22:20 2016,http://mail-archives.apache.org/mod_mbox/tephra-commits/201606.mbox/<20160621232212.42BBF3A06E1@svn01-us-west.apache.org>,chtyim
Tue Jun 21 23:22:20 2016,http://mail-archives.apache.org/mod_mbox/tephra-commits/201606.mbox/<20160621232212.42BBF3A06E1@svn01-us-west.apache.org>,chtyim
Tue Jun 21 23:22:20 2016,http://mail-archives.apache.org/mod_mbox/tephra-commits/201606.mbox/<20160621232212.42BBF3A06E1@svn01-us-west.apache.org>,chtyim
Tue Jun 21 23:22:20 2016,http://mail-archives.apache.org/mod_mbox/tephra-commits/201606.mbox/<20160621232212.42BBF3A06E1@svn01-us-west.apache.org>,chtyim
Tue Jun 21 23:22:20 2016,http://mail-archives.apache.org/mod_mbox/tephra-commits/201606.mbox/<20160621232212.42BBF3A06E1@svn01-us-west.apache.org>,chtyim
Tue Jun 21 23:22:20 2016,http://mail-archives.apache.org/mod_mbox/tephra-commits/201606.mbox/<20160621232212.42BBF3A06E1@svn01-us-west.apache.org>,chtyim
Tue Jun 21 23:22:20 2016,http://mail-archives.apache.org/mod_mbox/tephra-commits/201606.mbox/<20160621232212.42BBF3A06E1@svn01-us-west.apache.org>,chtyim
Tue Jun 21 23:22:20 2016,http://mail-archives.apache.org/mod_mbox/tephra-commits/201606.mbox/<20160621232212.42BBF3A06E1@svn01-us-west.apache.org>,chtyim
Tue Jun 21 23:22:20 2016,http://mail-archives.apache.org/mod_mbox/tephra-commits/201606.mbox/<20160621232212.42BBF3A06E1@svn01-us-west.apache.org>,chtyim
Tue Jun 21 23:22:20 2016,http://mail-archives.apache.org/mod_mbox/tephra-commits/201606.mbox/<20160621232212.42BBF3A06E1@svn01-us-west.apache.org>,chtyim
Tue Jun 21 23:22:20 2016,http://mail-archives.apache.org/mod_mbox/tephra-commits/201606.mbox/<20160621232212.42BBF3A06E1@svn01-us-west.apache.org>,chtyim
Tue Jun 21 23:22:20 2016,http://mail-archives.apache.org/mod_mbox/tephra-commits/201606.mbox/<20160621232212.42BBF3A06E1@svn01-us-west.apache.org>,chtyim
Tue Jun 21 23:22:20 2016,http://mail-archives.apache.org/mod_mbox/tephra-commits/201606.mbox/<20160621232212.42BBF3A06E1@svn01-us-west.apache.org>,chtyim
Tue Jun 21 23:22:20 2016,http://mail-archives.apache.org/mod_mbox/tephra-commits/201606.mbox/<20160621232212.42BBF3A06E1@svn01-us-west.apache.org>,chtyim
Tue Jun 21 23:22:20 2016,http://mail-archives.apache.org/mod_mbox/tephra-commits/201606.mbox/<20160621232212.42BBF3A06E1@svn01-us-west.apache.org>,chtyim
Tue Jun 21 23:22:20 2016,http://mail-archives.apache.org/mod_mbox/tephra-commits/201606.mbox/<20160621232212.42BBF3A06E1@svn01-us-west.apache.org>,chtyim
Tue Jun 21 23:22:20 2016,http://mail-archives.apache.org/mod_mbox/tephra-commits/201606.mbox/<20160621232212.42BBF3A06E1@svn01-us-west.apache.org>,chtyim
Tue Jun 21 23:22:20 2016,http://mail-archives.apache.org/mod_mbox/tephra-commits/201606.mbox/<20160621232212.42BBF3A06E1@svn01-us-west.apache.org>,chtyim
Tue Jun 21 23:22:20 2016,http://mail-archives.apache.org/mod_mbox/tephra-commits/201606.mbox/<20160621232212.42BBF3A06E1@svn01-us-west.apache.org>,chtyim
Tue Jun 21 23:22:20 2016,http://mail-archives.apache.org/mod_mbox/tephra-commits/201606.mbox/<20160621232212.42BBF3A06E1@svn01-us-west.apache.org>,chtyim
Tue Jun 21 23:22:20 2016,http://mail-archives.apache.org/mod_mbox/tephra-commits/201606.mbox/<20160621232212.42BBF3A06E1@svn01-us-west.apache.org>,chtyim
Tue Jun 21 23:22:20 2016,http://mail-archives.apache.org/mod_mbox/tephra-commits/201606.mbox/<20160621232212.42BBF3A06E1@svn01-us-west.apache.org>,chtyim
Tue Jun 21 23:22:20 2016,http://mail-archives.apache.org/mod_mbox/tephra-commits/201606.mbox/<20160621232212.42BBF3A06E1@svn01-us-west.apache.org>,chtyim
Tue Jun 21 23:22:20 2016,http://mail-archives.apache.org/mod_mbox/tephra-commits/201606.mbox/<20160621232212.42BBF3A06E1@svn01-us-west.apache.org>,chtyim
Tue Jun 21 23:22:20 2016,http://mail-archives.apache.org/mod_mbox/tephra-commits/201606.mbox/<20160621232212.42BBF3A06E1@svn01-us-west.apache.org>,chtyim
Tue Jun 21 23:22:20 2016,http://mail-archives.apache.org/mod_mbox/tephra-commits/201606.mbox/<20160621232212.42BBF3A06E1@svn01-us-west.apache.org>,chtyim
Tue Jun 21 23:22:20 2016,http://mail-archives.apache.org/mod_mbox/tephra-commits/201606.mbox/<20160621232212.42BBF3A06E1@svn01-us-west.apache.org>,chtyim
Tue Jun 21 23:22:21 2016,http://mail-archives.apache.org/mod_mbox/tephra-commits/201606.mbox/<20160621232212.4D3AC3A031D@svn01-us-west.apache.org>,chtyim
Tue Jun 21 23:22:21 2016,http://mail-archives.apache.org/mod_mbox/tephra-commits/201606.mbox/<20160621232212.4D3AC3A031D@svn01-us-west.apache.org>,chtyim
Tue Jun 21 23:22:21 2016,http://mail-archives.apache.org/mod_mbox/tephra-commits/201606.mbox/<20160621232212.4D3AC3A031D@svn01-us-west.apache.org>,chtyim
Tue Jun 21 23:22:21 2016,http://mail-archives.apache.org/mod_mbox/tephra-commits/201606.mbox/<20160621232212.4D3AC3A031D@svn01-us-west.apache.org>,chtyim
Tue Jun 21 23:22:21 2016,http://mail-archives.apache.org/mod_mbox/tephra-commits/201606.mbox/<20160621232212.4D3AC3A031D@svn01-us-west.apache.org>,chtyim
Tue Jun 21 23:22:21 2016,http://mail-archives.apache.org/mod_mbox/tephra-commits/201606.mbox/<20160621232212.4D3AC3A031D@svn01-us-west.apache.org>,chtyim
Tue Jun 21 23:22:21 2016,http://mail-archives.apache.org/mod_mbox/tephra-commits/201606.mbox/<20160621232212.4D3AC3A031D@svn01-us-west.apache.org>,chtyim
Tue Jun 21 23:22:21 2016,http://mail-archives.apache.org/mod_mbox/tephra-commits/201606.mbox/<20160621232212.4D3AC3A031D@svn01-us-west.apache.org>,chtyim
Tue Jun 21 23:22:21 2016,http://mail-archives.apache.org/mod_mbox/tephra-commits/201606.mbox/<20160621232212.4D3AC3A031D@svn01-us-west.apache.org>,chtyim
Tue Jun 21 23:22:21 2016,http://mail-archives.apache.org/mod_mbox/tephra-commits/201606.mbox/<20160621232212.4D3AC3A031D@svn01-us-west.apache.org>,chtyim
Tue Jun 21 23:22:21 2016,http://mail-archives.apache.org/mod_mbox/tephra-commits/201606.mbox/<20160621232212.4D3AC3A031D@svn01-us-west.apache.org>,chtyim
Tue Jun 21 23:22:21 2016,http://mail-archives.apache.org/mod_mbox/tephra-commits/201606.mbox/<20160621232212.4D3AC3A031D@svn01-us-west.apache.org>,chtyim
Tue Jun 21 23:22:21 2016,http://mail-archives.apache.org/mod_mbox/tephra-commits/201606.mbox/<20160621232212.4D3AC3A031D@svn01-us-west.apache.org>,chtyim
Tue Jun 21 23:22:21 2016,http://mail-archives.apache.org/mod_mbox/tephra-commits/201606.mbox/<20160621232212.4D3AC3A031D@svn01-us-west.apache.org>,chtyim
Tue Jun 21 23:22:21 2016,http://mail-archives.apache.org/mod_mbox/tephra-commits/201606.mbox/<20160621232212.4D3AC3A031D@svn01-us-west.apache.org>,chtyim
Tue Jun 21 23:22:21 2016,http://mail-archives.apache.org/mod_mbox/tephra-commits/201606.mbox/<20160621232212.4D3AC3A031D@svn01-us-west.apache.org>,chtyim
Tue Jun 21 23:22:21 2016,http://mail-archives.apache.org/mod_mbox/tephra-commits/201606.mbox/<20160621232212.4D3AC3A031D@svn01-us-west.apache.org>,chtyim
Tue Jun 21 23:22:21 2016,http://mail-archives.apache.org/mod_mbox/tephra-commits/201606.mbox/<20160621232212.4D3AC3A031D@svn01-us-west.apache.org>,chtyim
Tue Jun 21 23:22:21 2016,http://mail-archives.apache.org/mod_mbox/tephra-commits/201606.mbox/<20160621232212.4D3AC3A031D@svn01-us-west.apache.org>,chtyim
Tue Jun 21 23:22:21 2016,http://mail-archives.apache.org/mod_mbox/tephra-commits/201606.mbox/<20160621232212.4D3AC3A031D@svn01-us-west.apache.org>,chtyim
Tue Jun 21 23:22:21 2016,http://mail-archives.apache.org/mod_mbox/tephra-commits/201606.mbox/<20160621232212.4D3AC3A031D@svn01-us-west.apache.org>,chtyim
Tue Jun 21 23:22:21 2016,http://mail-archives.apache.org/mod_mbox/tephra-commits/201606.mbox/<20160621232212.4D3AC3A031D@svn01-us-west.apache.org>,chtyim
Tue Jun 21 23:22:21 2016,http://mail-archives.apache.org/mod_mbox/tephra-commits/201606.mbox/<20160621232212.4D3AC3A031D@svn01-us-west.apache.org>,chtyim
Tue Jun 21 23:22:21 2016,http://mail-archives.apache.org/mod_mbox/tephra-commits/201606.mbox/<20160621232212.4D3AC3A031D@svn01-us-west.apache.org>,chtyim
Tue Jun 21 23:22:21 2016,http://mail-archives.apache.org/mod_mbox/tephra-commits/201606.mbox/<20160621232212.4D3AC3A031D@svn01-us-west.apache.org>,chtyim
Tue Jun 21 23:22:21 2016,http://mail-archives.apache.org/mod_mbox/tephra-commits/201606.mbox/<20160621232212.4D3AC3A031D@svn01-us-west.apache.org>,chtyim
Tue Jun 21 23:22:21 2016,http://mail-archives.apache.org/mod_mbox/tephra-commits/201606.mbox/<20160621232212.4D3AC3A031D@svn01-us-west.apache.org>,chtyim
Tue Jun 21 23:22:21 2016,http://mail-archives.apache.org/mod_mbox/tephra-commits/201606.mbox/<20160621232212.4D3AC3A031D@svn01-us-west.apache.org>,chtyim
Tue Jun 21 23:22:21 2016,http://mail-archives.apache.org/mod_mbox/tephra-commits/201606.mbox/<20160621232212.4D3AC3A031D@svn01-us-west.apache.org>,chtyim
Tue Jun 21 23:22:21 2016,http://mail-archives.apache.org/mod_mbox/tephra-commits/201606.mbox/<20160621232212.4D3AC3A031D@svn01-us-west.apache.org>,chtyim
Tue Jun 21 23:22:21 2016,http://mail-archives.apache.org/mod_mbox/tephra-commits/201606.mbox/<20160621232212.4D3AC3A031D@svn01-us-west.apache.org>,chtyim
Tue Jun 21 23:22:21 2016,http://mail-archives.apache.org/mod_mbox/tephra-commits/201606.mbox/<20160621232212.4D3AC3A031D@svn01-us-west.apache.org>,chtyim
Tue Jun 21 23:22:21 2016,http://mail-archives.apache.org/mod_mbox/tephra-commits/201606.mbox/<20160621232212.4D3AC3A031D@svn01-us-west.apache.org>,chtyim
Tue Jun 21 23:22:21 2016,http://mail-archives.apache.org/mod_mbox/tephra-commits/201606.mbox/<20160621232212.4D3AC3A031D@svn01-us-west.apache.org>,chtyim
Tue Jun 21 23:22:21 2016,http://mail-archives.apache.org/mod_mbox/tephra-commits/201606.mbox/<20160621232212.4D3AC3A031D@svn01-us-west.apache.org>,chtyim
Tue Jun 21 23:22:21 2016,http://mail-archives.apache.org/mod_mbox/tephra-commits/201606.mbox/<20160621232212.4D3AC3A031D@svn01-us-west.apache.org>,chtyim
Tue Jun 21 23:22:21 2016,http://mail-archives.apache.org/mod_mbox/tephra-commits/201606.mbox/<20160621232212.4D3AC3A031D@svn01-us-west.apache.org>,chtyim
Tue Jun 21 23:22:21 2016,http://mail-archives.apache.org/mod_mbox/tephra-commits/201606.mbox/<20160621232212.4D3AC3A031D@svn01-us-west.apache.org>,chtyim
Tue Jun 21 23:22:21 2016,http://mail-archives.apache.org/mod_mbox/tephra-commits/201606.mbox/<20160621232212.4D3AC3A031D@svn01-us-west.apache.org>,chtyim
Tue Jun 21 23:22:21 2016,http://mail-archives.apache.org/mod_mbox/tephra-commits/201606.mbox/<20160621232212.4D3AC3A031D@svn01-us-west.apache.org>,chtyim
Tue Jun 21 23:22:21 2016,http://mail-archives.apache.org/mod_mbox/tephra-commits/201606.mbox/<20160621232212.4D3AC3A031D@svn01-us-west.apache.org>,chtyim
Tue Jun 21 23:22:21 2016,http://mail-archives.apache.org/mod_mbox/tephra-commits/201606.mbox/<20160621232212.4D3AC3A031D@svn01-us-west.apache.org>,chtyim
Tue Jun 21 23:22:21 2016,http://mail-archives.apache.org/mod_mbox/tephra-commits/201606.mbox/<20160621232212.4D3AC3A031D@svn01-us-west.apache.org>,chtyim
Tue Jun 21 23:22:21 2016,http://mail-archives.apache.org/mod_mbox/tephra-commits/201606.mbox/<20160621232212.4D3AC3A031D@svn01-us-west.apache.org>,chtyim
Tue Jun 21 23:22:21 2016,http://mail-archives.apache.org/mod_mbox/tephra-commits/201606.mbox/<20160621232212.4D3AC3A031D@svn01-us-west.apache.org>,chtyim
Tue Jun 21 23:22:21 2016,http://mail-archives.apache.org/mod_mbox/tephra-commits/201606.mbox/<20160621232212.4D3AC3A031D@svn01-us-west.apache.org>,chtyim
Tue Jun 21 23:22:21 2016,http://mail-archives.apache.org/mod_mbox/tephra-commits/201606.mbox/<20160621232212.4D3AC3A031D@svn01-us-west.apache.org>,chtyim
Tue Jun 21 23:22:21 2016,http://mail-archives.apache.org/mod_mbox/tephra-commits/201606.mbox/<20160621232212.4D3AC3A031D@svn01-us-west.apache.org>,chtyim
Tue Jun 21 23:22:21 2016,http://mail-archives.apache.org/mod_mbox/tephra-commits/201606.mbox/<20160621232212.4D3AC3A031D@svn01-us-west.apache.org>,chtyim
Tue Jun 21 23:22:21 2016,http://mail-archives.apache.org/mod_mbox/tephra-commits/201606.mbox/<20160621232212.4D3AC3A031D@svn01-us-west.apache.org>,chtyim
Tue Jun 21 23:22:21 2016,http://mail-archives.apache.org/mod_mbox/tephra-commits/201606.mbox/<20160621232212.4D3AC3A031D@svn01-us-west.apache.org>,chtyim
Tue Jun 21 23:22:21 2016,http://mail-archives.apache.org/mod_mbox/tephra-commits/201606.mbox/<20160621232212.4D3AC3A031D@svn01-us-west.apache.org>,chtyim
Tue Jun 21 23:22:21 2016,http://mail-archives.apache.org/mod_mbox/tephra-commits/201606.mbox/<20160621232212.4D3AC3A031D@svn01-us-west.apache.org>,chtyim
Tue Jun 21 23:22:21 2016,http://mail-archives.apache.org/mod_mbox/tephra-commits/201606.mbox/<20160621232212.4D3AC3A031D@svn01-us-west.apache.org>,chtyim
Tue Jun 21 23:22:21 2016,http://mail-archives.apache.org/mod_mbox/tephra-commits/201606.mbox/<20160621232212.4D3AC3A031D@svn01-us-west.apache.org>,chtyim
Tue Jun 21 23:22:21 2016,http://mail-archives.apache.org/mod_mbox/tephra-commits/201606.mbox/<20160621232212.4D3AC3A031D@svn01-us-west.apache.org>,chtyim
Tue Jun 21 23:22:21 2016,http://mail-archives.apache.org/mod_mbox/tephra-commits/201606.mbox/<20160621232212.4D3AC3A031D@svn01-us-west.apache.org>,chtyim
Tue Jun 21 23:22:21 2016,http://mail-archives.apache.org/mod_mbox/tephra-commits/201606.mbox/<20160621232212.4D3AC3A031D@svn01-us-west.apache.org>,chtyim
Tue Jun 21 23:22:21 2016,http://mail-archives.apache.org/mod_mbox/tephra-commits/201606.mbox/<20160621232212.4D3AC3A031D@svn01-us-west.apache.org>,chtyim
Tue Jun 21 23:22:21 2016,http://mail-archives.apache.org/mod_mbox/tephra-commits/201606.mbox/<20160621232212.4D3AC3A031D@svn01-us-west.apache.org>,chtyim
Tue Jun 21 23:22:21 2016,http://mail-archives.apache.org/mod_mbox/tephra-commits/201606.mbox/<20160621232212.4D3AC3A031D@svn01-us-west.apache.org>,chtyim
Tue Jun 21 23:22:21 2016,http://mail-archives.apache.org/mod_mbox/tephra-commits/201606.mbox/<20160621232212.4D3AC3A031D@svn01-us-west.apache.org>,chtyim
Tue Jun 21 23:22:21 2016,http://mail-archives.apache.org/mod_mbox/tephra-commits/201606.mbox/<20160621232212.4D3AC3A031D@svn01-us-west.apache.org>,chtyim
Tue Jun 21 23:22:21 2016,http://mail-archives.apache.org/mod_mbox/tephra-commits/201606.mbox/<20160621232212.4D3AC3A031D@svn01-us-west.apache.org>,chtyim
Tue Jun 21 23:22:21 2016,http://mail-archives.apache.org/mod_mbox/tephra-commits/201606.mbox/<20160621232212.4D3AC3A031D@svn01-us-west.apache.org>,chtyim
Tue Jun 21 23:22:21 2016,http://mail-archives.apache.org/mod_mbox/tephra-commits/201606.mbox/<20160621232212.4D3AC3A031D@svn01-us-west.apache.org>,chtyim
Tue Jun 21 23:22:21 2016,http://mail-archives.apache.org/mod_mbox/tephra-commits/201606.mbox/<20160621232212.4D3AC3A031D@svn01-us-west.apache.org>,chtyim
Tue Jun 21 23:22:21 2016,http://mail-archives.apache.org/mod_mbox/tephra-commits/201606.mbox/<20160621232212.4D3AC3A031D@svn01-us-west.apache.org>,chtyim
Tue Jun 21 23:22:21 2016,http://mail-archives.apache.org/mod_mbox/tephra-commits/201606.mbox/<20160621232212.4D3AC3A031D@svn01-us-west.apache.org>,chtyim
Tue Jun 21 23:22:21 2016,http://mail-archives.apache.org/mod_mbox/tephra-commits/201606.mbox/<20160621232212.4D3AC3A031D@svn01-us-west.apache.org>,chtyim
Tue Jun 21 23:22:21 2016,http://mail-archives.apache.org/mod_mbox/tephra-commits/201606.mbox/<20160621232212.4D3AC3A031D@svn01-us-west.apache.org>,chtyim
Tue Jun 21 23:22:21 2016,http://mail-archives.apache.org/mod_mbox/tephra-commits/201606.mbox/<20160621232212.4D3AC3A031D@svn01-us-west.apache.org>,chtyim
Tue Jun 21 23:22:21 2016,http://mail-archives.apache.org/mod_mbox/tephra-commits/201606.mbox/<20160621232212.4D3AC3A031D@svn01-us-west.apache.org>,chtyim
Tue Jun 21 23:22:21 2016,http://mail-archives.apache.org/mod_mbox/tephra-commits/201606.mbox/<20160621232212.4D3AC3A031D@svn01-us-west.apache.org>,chtyim
Tue Jun 21 23:22:21 2016,http://mail-archives.apache.org/mod_mbox/tephra-commits/201606.mbox/<20160621232212.4D3AC3A031D@svn01-us-west.apache.org>,chtyim
Tue Jun 21 23:22:21 2016,http://mail-archives.apache.org/mod_mbox/tephra-commits/201606.mbox/<20160621232212.4D3AC3A031D@svn01-us-west.apache.org>,chtyim
Tue Jun 21 23:22:21 2016,http://mail-archives.apache.org/mod_mbox/tephra-commits/201606.mbox/<20160621232212.4D3AC3A031D@svn01-us-west.apache.org>,chtyim
Tue Jun 21 23:22:21 2016,http://mail-archives.apache.org/mod_mbox/tephra-commits/201606.mbox/<20160621232212.4D3AC3A031D@svn01-us-west.apache.org>,chtyim
Tue Jun 21 23:22:21 2016,http://mail-archives.apache.org/mod_mbox/tephra-commits/201606.mbox/<20160621232212.4D3AC3A031D@svn01-us-west.apache.org>,chtyim
Tue Jun 21 23:22:21 2016,http://mail-archives.apache.org/mod_mbox/tephra-commits/201606.mbox/<20160621232212.4D3AC3A031D@svn01-us-west.apache.org>,chtyim
Tue Jun 21 23:22:21 2016,http://mail-archives.apache.org/mod_mbox/tephra-commits/201606.mbox/<20160621232212.4D3AC3A031D@svn01-us-west.apache.org>,chtyim
Tue Jun 21 23:22:21 2016,http://mail-archives.apache.org/mod_mbox/tephra-commits/201606.mbox/<20160621232212.4D3AC3A031D@svn01-us-west.apache.org>,chtyim
Tue Jun 21 23:22:21 2016,http://mail-archives.apache.org/mod_mbox/tephra-commits/201606.mbox/<20160621232212.4D3AC3A031D@svn01-us-west.apache.org>,chtyim
Tue Jun 21 23:22:21 2016,http://mail-archives.apache.org/mod_mbox/tephra-commits/201606.mbox/<20160621232212.4D3AC3A031D@svn01-us-west.apache.org>,chtyim
Tue Jun 21 23:22:21 2016,http://mail-archives.apache.org/mod_mbox/tephra-commits/201606.mbox/<20160621232212.4D3AC3A031D@svn01-us-west.apache.org>,chtyim
Tue Jun 21 23:22:21 2016,http://mail-archives.apache.org/mod_mbox/tephra-commits/201606.mbox/<20160621232212.4D3AC3A031D@svn01-us-west.apache.org>,chtyim
Tue Jun 21 23:22:21 2016,http://mail-archives.apache.org/mod_mbox/tephra-commits/201606.mbox/<20160621232212.4D3AC3A031D@svn01-us-west.apache.org>,chtyim
Tue Jun 21 23:22:22 2016,http://mail-archives.apache.org/mod_mbox/tephra-commits/201606.mbox/<20160621232212.529C63A031D@svn01-us-west.apache.org>,chtyim
Tue Jun 21 23:22:22 2016,http://mail-archives.apache.org/mod_mbox/tephra-commits/201606.mbox/<20160621232212.529C63A031D@svn01-us-west.apache.org>,chtyim
Tue Jun 21 23:22:22 2016,http://mail-archives.apache.org/mod_mbox/tephra-commits/201606.mbox/<20160621232212.529C63A031D@svn01-us-west.apache.org>,chtyim
Tue Jun 21 23:22:22 2016,http://mail-archives.apache.org/mod_mbox/tephra-commits/201606.mbox/<20160621232212.529C63A031D@svn01-us-west.apache.org>,chtyim
Tue Jun 21 23:22:22 2016,http://mail-archives.apache.org/mod_mbox/tephra-commits/201606.mbox/<20160621232212.529C63A031D@svn01-us-west.apache.org>,chtyim
Tue Jun 21 23:22:22 2016,http://mail-archives.apache.org/mod_mbox/tephra-commits/201606.mbox/<20160621232212.529C63A031D@svn01-us-west.apache.org>,chtyim
Tue Jun 21 23:22:22 2016,http://mail-archives.apache.org/mod_mbox/tephra-commits/201606.mbox/<20160621232212.529C63A031D@svn01-us-west.apache.org>,chtyim
Tue Jun 21 23:22:22 2016,http://mail-archives.apache.org/mod_mbox/tephra-commits/201606.mbox/<20160621232212.529C63A031D@svn01-us-west.apache.org>,chtyim
Tue Jun 21 23:22:22 2016,http://mail-archives.apache.org/mod_mbox/tephra-commits/201606.mbox/<20160621232212.529C63A031D@svn01-us-west.apache.org>,chtyim
Tue Jun 21 23:22:22 2016,http://mail-archives.apache.org/mod_mbox/tephra-commits/201606.mbox/<20160621232212.529C63A031D@svn01-us-west.apache.org>,chtyim
Tue Jun 21 23:22:22 2016,http://mail-archives.apache.org/mod_mbox/tephra-commits/201606.mbox/<20160621232212.529C63A031D@svn01-us-west.apache.org>,chtyim
Tue Jun 21 23:22:22 2016,http://mail-archives.apache.org/mod_mbox/tephra-commits/201606.mbox/<20160621232212.529C63A031D@svn01-us-west.apache.org>,chtyim
Tue Jun 21 23:22:22 2016,http://mail-archives.apache.org/mod_mbox/tephra-commits/201606.mbox/<20160621232212.529C63A031D@svn01-us-west.apache.org>,chtyim
Tue Jun 21 23:22:22 2016,http://mail-archives.apache.org/mod_mbox/tephra-commits/201606.mbox/<20160621232212.529C63A031D@svn01-us-west.apache.org>,chtyim
Tue Jun 21 23:22:22 2016,http://mail-archives.apache.org/mod_mbox/tephra-commits/201606.mbox/<20160621232212.529C63A031D@svn01-us-west.apache.org>,chtyim
Tue Jun 21 23:22:22 2016,http://mail-archives.apache.org/mod_mbox/tephra-commits/201606.mbox/<20160621232212.529C63A031D@svn01-us-west.apache.org>,chtyim
Tue Jun 21 23:22:22 2016,http://mail-archives.apache.org/mod_mbox/tephra-commits/201606.mbox/<20160621232212.529C63A031D@svn01-us-west.apache.org>,chtyim
Tue Jun 21 23:22:22 2016,http://mail-archives.apache.org/mod_mbox/tephra-commits/201606.mbox/<20160621232212.529C63A031D@svn01-us-west.apache.org>,chtyim
Tue Jun 21 23:22:22 2016,http://mail-archives.apache.org/mod_mbox/tephra-commits/201606.mbox/<20160621232212.529C63A031D@svn01-us-west.apache.org>,chtyim
Tue Jun 21 23:22:22 2016,http://mail-archives.apache.org/mod_mbox/tephra-commits/201606.mbox/<20160621232212.529C63A031D@svn01-us-west.apache.org>,chtyim
Tue Jun 21 23:22:22 2016,http://mail-archives.apache.org/mod_mbox/tephra-commits/201606.mbox/<20160621232212.529C63A031D@svn01-us-west.apache.org>,chtyim
Tue Jun 21 23:22:22 2016,http://mail-archives.apache.org/mod_mbox/tephra-commits/201606.mbox/<20160621232212.529C63A031D@svn01-us-west.apache.org>,chtyim
Tue Jun 21 23:22:22 2016,http://mail-archives.apache.org/mod_mbox/tephra-commits/201606.mbox/<20160621232212.529C63A031D@svn01-us-west.apache.org>,chtyim
Tue Jun 21 23:22:22 2016,http://mail-archives.apache.org/mod_mbox/tephra-commits/201606.mbox/<20160621232212.529C63A031D@svn01-us-west.apache.org>,chtyim
Tue Jun 21 23:22:22 2016,http://mail-archives.apache.org/mod_mbox/tephra-commits/201606.mbox/<20160621232212.529C63A031D@svn01-us-west.apache.org>,chtyim
Tue Jun 21 23:22:22 2016,http://mail-archives.apache.org/mod_mbox/tephra-commits/201606.mbox/<20160621232212.529C63A031D@svn01-us-west.apache.org>,chtyim
Tue Jun 21 23:22:22 2016,http://mail-archives.apache.org/mod_mbox/tephra-commits/201606.mbox/<20160621232212.529C63A031D@svn01-us-west.apache.org>,chtyim
Tue Jun 21 23:22:22 2016,http://mail-archives.apache.org/mod_mbox/tephra-commits/201606.mbox/<20160621232212.529C63A031D@svn01-us-west.apache.org>,chtyim
Tue Jun 21 23:22:22 2016,http://mail-archives.apache.org/mod_mbox/tephra-commits/201606.mbox/<20160621232212.529C63A031D@svn01-us-west.apache.org>,chtyim
Tue Jun 21 23:22:22 2016,http://mail-archives.apache.org/mod_mbox/tephra-commits/201606.mbox/<20160621232212.529C63A031D@svn01-us-west.apache.org>,chtyim
Tue Jun 21 23:22:22 2016,http://mail-archives.apache.org/mod_mbox/tephra-commits/201606.mbox/<20160621232212.529C63A031D@svn01-us-west.apache.org>,chtyim
Tue Jun 21 23:22:22 2016,http://mail-archives.apache.org/mod_mbox/tephra-commits/201606.mbox/<20160621232212.529C63A031D@svn01-us-west.apache.org>,chtyim
Tue Jun 21 23:22:22 2016,http://mail-archives.apache.org/mod_mbox/tephra-commits/201606.mbox/<20160621232212.529C63A031D@svn01-us-west.apache.org>,chtyim
Tue Jun 21 23:22:22 2016,http://mail-archives.apache.org/mod_mbox/tephra-commits/201606.mbox/<20160621232212.529C63A031D@svn01-us-west.apache.org>,chtyim
Tue Jun 21 23:22:22 2016,http://mail-archives.apache.org/mod_mbox/tephra-commits/201606.mbox/<20160621232212.529C63A031D@svn01-us-west.apache.org>,chtyim
Tue Jun 21 23:22:22 2016,http://mail-archives.apache.org/mod_mbox/tephra-commits/201606.mbox/<20160621232212.529C63A031D@svn01-us-west.apache.org>,chtyim
Tue Jun 21 23:22:22 2016,http://mail-archives.apache.org/mod_mbox/tephra-commits/201606.mbox/<20160621232212.529C63A031D@svn01-us-west.apache.org>,chtyim
Tue Jun 21 23:22:22 2016,http://mail-archives.apache.org/mod_mbox/tephra-commits/201606.mbox/<20160621232212.529C63A031D@svn01-us-west.apache.org>,chtyim
Tue Jun 21 23:22:22 2016,http://mail-archives.apache.org/mod_mbox/tephra-commits/201606.mbox/<20160621232212.529C63A031D@svn01-us-west.apache.org>,chtyim
Tue Jun 21 23:22:22 2016,http://mail-archives.apache.org/mod_mbox/tephra-commits/201606.mbox/<20160621232212.529C63A031D@svn01-us-west.apache.org>,chtyim
Tue Jun 21 23:22:22 2016,http://mail-archives.apache.org/mod_mbox/tephra-commits/201606.mbox/<20160621232212.529C63A031D@svn01-us-west.apache.org>,chtyim
Tue Jun 21 23:22:22 2016,http://mail-archives.apache.org/mod_mbox/tephra-commits/201606.mbox/<20160621232212.529C63A031D@svn01-us-west.apache.org>,chtyim
Tue Jun 21 23:22:22 2016,http://mail-archives.apache.org/mod_mbox/tephra-commits/201606.mbox/<20160621232212.529C63A031D@svn01-us-west.apache.org>,chtyim
Tue Jun 21 23:22:22 2016,http://mail-archives.apache.org/mod_mbox/tephra-commits/201606.mbox/<20160621232212.529C63A031D@svn01-us-west.apache.org>,chtyim
Tue Jun 21 23:22:22 2016,http://mail-archives.apache.org/mod_mbox/tephra-commits/201606.mbox/<20160621232212.529C63A031D@svn01-us-west.apache.org>,chtyim
Tue Jun 21 23:22:22 2016,http://mail-archives.apache.org/mod_mbox/tephra-commits/201606.mbox/<20160621232212.529C63A031D@svn01-us-west.apache.org>,chtyim
Tue Jun 21 23:22:22 2016,http://mail-archives.apache.org/mod_mbox/tephra-commits/201606.mbox/<20160621232212.529C63A031D@svn01-us-west.apache.org>,chtyim
Tue Jun 21 23:22:22 2016,http://mail-archives.apache.org/mod_mbox/tephra-commits/201606.mbox/<20160621232212.529C63A031D@svn01-us-west.apache.org>,chtyim
Tue Jun 21 23:22:22 2016,http://mail-archives.apache.org/mod_mbox/tephra-commits/201606.mbox/<20160621232212.529C63A031D@svn01-us-west.apache.org>,chtyim
Tue Jun 21 23:22:27 2016,http://mail-archives.apache.org/mod_mbox/tephra-commits/201606.mbox/<20160621232212.481503A031D@svn01-us-west.apache.org>,chtyim
Tue Jun 21 23:22:27 2016,http://mail-archives.apache.org/mod_mbox/tephra-commits/201606.mbox/<20160621232212.481503A031D@svn01-us-west.apache.org>,chtyim
Tue Jun 21 23:22:27 2016,http://mail-archives.apache.org/mod_mbox/tephra-commits/201606.mbox/<20160621232212.481503A031D@svn01-us-west.apache.org>,chtyim
Tue Jun 21 23:22:27 2016,http://mail-archives.apache.org/mod_mbox/tephra-commits/201606.mbox/<20160621232212.481503A031D@svn01-us-west.apache.org>,chtyim
Tue Jun 21 23:22:27 2016,http://mail-archives.apache.org/mod_mbox/tephra-commits/201606.mbox/<20160621232212.481503A031D@svn01-us-west.apache.org>,chtyim
Tue Jun 21 23:22:27 2016,http://mail-archives.apache.org/mod_mbox/tephra-commits/201606.mbox/<20160621232212.481503A031D@svn01-us-west.apache.org>,chtyim
Tue Jun 21 23:22:27 2016,http://mail-archives.apache.org/mod_mbox/tephra-commits/201606.mbox/<20160621232212.481503A031D@svn01-us-west.apache.org>,chtyim
Tue Jun 21 23:22:27 2016,http://mail-archives.apache.org/mod_mbox/tephra-commits/201606.mbox/<20160621232212.481503A031D@svn01-us-west.apache.org>,chtyim
Tue Jun 21 23:22:27 2016,http://mail-archives.apache.org/mod_mbox/tephra-commits/201606.mbox/<20160621232212.481503A031D@svn01-us-west.apache.org>,chtyim
Tue Jun 21 23:22:27 2016,http://mail-archives.apache.org/mod_mbox/tephra-commits/201606.mbox/<20160621232212.481503A031D@svn01-us-west.apache.org>,chtyim
Tue Jun 21 23:22:27 2016,http://mail-archives.apache.org/mod_mbox/tephra-commits/201606.mbox/<20160621232212.481503A031D@svn01-us-west.apache.org>,chtyim
Tue Jun 21 23:22:27 2016,http://mail-archives.apache.org/mod_mbox/tephra-commits/201606.mbox/<20160621232212.481503A031D@svn01-us-west.apache.org>,chtyim
Tue Jun 21 23:22:27 2016,http://mail-archives.apache.org/mod_mbox/tephra-commits/201606.mbox/<20160621232212.481503A031D@svn01-us-west.apache.org>,chtyim
Tue Jun 21 23:22:27 2016,http://mail-archives.apache.org/mod_mbox/tephra-commits/201606.mbox/<20160621232212.481503A031D@svn01-us-west.apache.org>,chtyim
Tue Jun 21 23:22:27 2016,http://mail-archives.apache.org/mod_mbox/tephra-commits/201606.mbox/<20160621232212.481503A031D@svn01-us-west.apache.org>,chtyim
Tue Jun 21 23:22:27 2016,http://mail-archives.apache.org/mod_mbox/tephra-commits/201606.mbox/<20160621232212.481503A031D@svn01-us-west.apache.org>,chtyim
Tue Jun 21 23:22:27 2016,http://mail-archives.apache.org/mod_mbox/tephra-commits/201606.mbox/<20160621232212.481503A031D@svn01-us-west.apache.org>,chtyim
Tue Jun 21 23:22:27 2016,http://mail-archives.apache.org/mod_mbox/tephra-commits/201606.mbox/<20160621232212.481503A031D@svn01-us-west.apache.org>,chtyim
Tue Jun 21 23:22:27 2016,http://mail-archives.apache.org/mod_mbox/tephra-commits/201606.mbox/<20160621232212.481503A031D@svn01-us-west.apache.org>,chtyim
Tue Jun 21 23:22:27 2016,http://mail-archives.apache.org/mod_mbox/tephra-commits/201606.mbox/<20160621232212.481503A031D@svn01-us-west.apache.org>,chtyim
Tue Jun 21 23:22:27 2016,http://mail-archives.apache.org/mod_mbox/tephra-commits/201606.mbox/<20160621232212.481503A031D@svn01-us-west.apache.org>,chtyim
Tue Jun 21 23:22:27 2016,http://mail-archives.apache.org/mod_mbox/tephra-commits/201606.mbox/<20160621232212.481503A031D@svn01-us-west.apache.org>,chtyim
Tue Jun 21 23:22:27 2016,http://mail-archives.apache.org/mod_mbox/tephra-commits/201606.mbox/<20160621232212.481503A031D@svn01-us-west.apache.org>,chtyim
Tue Jun 21 23:22:27 2016,http://mail-archives.apache.org/mod_mbox/tephra-commits/201606.mbox/<20160621232212.481503A031D@svn01-us-west.apache.org>,chtyim
Tue Jun 21 23:22:27 2016,http://mail-archives.apache.org/mod_mbox/tephra-commits/201606.mbox/<20160621232212.481503A031D@svn01-us-west.apache.org>,chtyim
Tue Jun 21 23:22:27 2016,http://mail-archives.apache.org/mod_mbox/tephra-commits/201606.mbox/<20160621232212.481503A031D@svn01-us-west.apache.org>,chtyim
Tue Jun 21 23:22:27 2016,http://mail-archives.apache.org/mod_mbox/tephra-commits/201606.mbox/<20160621232212.481503A031D@svn01-us-west.apache.org>,chtyim
Tue Jun 21 23:22:27 2016,http://mail-archives.apache.org/mod_mbox/tephra-commits/201606.mbox/<20160621232212.481503A031D@svn01-us-west.apache.org>,chtyim
Tue Jun 21 23:22:27 2016,http://mail-archives.apache.org/mod_mbox/tephra-commits/201606.mbox/<20160621232212.481503A031D@svn01-us-west.apache.org>,chtyim
Tue Jun 21 23:22:27 2016,http://mail-archives.apache.org/mod_mbox/tephra-commits/201606.mbox/<20160621232212.481503A031D@svn01-us-west.apache.org>,chtyim
Tue Jun 21 23:22:27 2016,http://mail-archives.apache.org/mod_mbox/tephra-commits/201606.mbox/<20160621232212.481503A031D@svn01-us-west.apache.org>,chtyim
Tue Jun 21 23:22:27 2016,http://mail-archives.apache.org/mod_mbox/tephra-commits/201606.mbox/<20160621232212.481503A031D@svn01-us-west.apache.org>,chtyim
Tue Jun 21 23:22:27 2016,http://mail-archives.apache.org/mod_mbox/tephra-commits/201606.mbox/<20160621232212.481503A031D@svn01-us-west.apache.org>,chtyim
Tue Jun 21 23:22:27 2016,http://mail-archives.apache.org/mod_mbox/tephra-commits/201606.mbox/<20160621232212.481503A031D@svn01-us-west.apache.org>,chtyim
Tue Jun 21 23:22:27 2016,http://mail-archives.apache.org/mod_mbox/tephra-commits/201606.mbox/<20160621232212.481503A031D@svn01-us-west.apache.org>,chtyim
Tue Jun 21 23:22:27 2016,http://mail-archives.apache.org/mod_mbox/tephra-commits/201606.mbox/<20160621232212.481503A031D@svn01-us-west.apache.org>,chtyim
Tue Jun 21 23:22:27 2016,http://mail-archives.apache.org/mod_mbox/tephra-commits/201606.mbox/<20160621232212.481503A031D@svn01-us-west.apache.org>,chtyim
Tue Jun 21 23:22:27 2016,http://mail-archives.apache.org/mod_mbox/tephra-commits/201606.mbox/<20160621232212.481503A031D@svn01-us-west.apache.org>,chtyim
Tue Jun 21 23:22:27 2016,http://mail-archives.apache.org/mod_mbox/tephra-commits/201606.mbox/<20160621232212.481503A031D@svn01-us-west.apache.org>,chtyim
Tue Jun 21 23:22:27 2016,http://mail-archives.apache.org/mod_mbox/tephra-commits/201606.mbox/<20160621232212.481503A031D@svn01-us-west.apache.org>,chtyim
Tue Jun 21 23:22:27 2016,http://mail-archives.apache.org/mod_mbox/tephra-commits/201606.mbox/<20160621232212.481503A031D@svn01-us-west.apache.org>,chtyim
Tue Jun 21 23:22:27 2016,http://mail-archives.apache.org/mod_mbox/tephra-commits/201606.mbox/<20160621232212.481503A031D@svn01-us-west.apache.org>,chtyim
Tue Jun 21 23:22:27 2016,http://mail-archives.apache.org/mod_mbox/tephra-commits/201606.mbox/<20160621232212.481503A031D@svn01-us-west.apache.org>,chtyim
Tue Jun 21 23:22:27 2016,http://mail-archives.apache.org/mod_mbox/tephra-commits/201606.mbox/<20160621232212.481503A031D@svn01-us-west.apache.org>,chtyim
Tue Jun 21 23:22:27 2016,http://mail-archives.apache.org/mod_mbox/tephra-commits/201606.mbox/<20160621232212.481503A031D@svn01-us-west.apache.org>,chtyim
Tue Jun 21 23:22:27 2016,http://mail-archives.apache.org/mod_mbox/tephra-commits/201606.mbox/<20160621232212.481503A031D@svn01-us-west.apache.org>,chtyim
Tue Jun 21 23:22:27 2016,http://mail-archives.apache.org/mod_mbox/tephra-commits/201606.mbox/<20160621232212.481503A031D@svn01-us-west.apache.org>,chtyim
Tue Jun 21 23:22:27 2016,http://mail-archives.apache.org/mod_mbox/tephra-commits/201606.mbox/<20160621232212.481503A031D@svn01-us-west.apache.org>,chtyim
Tue Jun 21 23:22:27 2016,http://mail-archives.apache.org/mod_mbox/tephra-commits/201606.mbox/<20160621232212.481503A031D@svn01-us-west.apache.org>,chtyim
Tue Jun 21 23:22:27 2016,http://mail-archives.apache.org/mod_mbox/tephra-commits/201606.mbox/<20160621232212.481503A031D@svn01-us-west.apache.org>,chtyim
Tue Jun 21 23:22:27 2016,http://mail-archives.apache.org/mod_mbox/tephra-commits/201606.mbox/<20160621232212.481503A031D@svn01-us-west.apache.org>,chtyim
Tue Jun 21 23:22:27 2016,http://mail-archives.apache.org/mod_mbox/tephra-commits/201606.mbox/<20160621232212.481503A031D@svn01-us-west.apache.org>,chtyim
Tue Jun 21 23:22:27 2016,http://mail-archives.apache.org/mod_mbox/tephra-commits/201606.mbox/<20160621232212.481503A031D@svn01-us-west.apache.org>,chtyim
Tue Jun 21 23:22:27 2016,http://mail-archives.apache.org/mod_mbox/tephra-commits/201606.mbox/<20160621232212.481503A031D@svn01-us-west.apache.org>,chtyim
Tue Jun 21 23:22:27 2016,http://mail-archives.apache.org/mod_mbox/tephra-commits/201606.mbox/<20160621232212.481503A031D@svn01-us-west.apache.org>,chtyim
Tue Jun 21 23:22:27 2016,http://mail-archives.apache.org/mod_mbox/tephra-commits/201606.mbox/<20160621232212.481503A031D@svn01-us-west.apache.org>,chtyim
Tue Jun 21 23:22:27 2016,http://mail-archives.apache.org/mod_mbox/tephra-commits/201606.mbox/<20160621232212.481503A031D@svn01-us-west.apache.org>,chtyim
Tue Jun 21 23:22:27 2016,http://mail-archives.apache.org/mod_mbox/tephra-commits/201606.mbox/<20160621232212.481503A031D@svn01-us-west.apache.org>,chtyim
Tue Jun 21 23:22:27 2016,http://mail-archives.apache.org/mod_mbox/tephra-commits/201606.mbox/<20160621232212.481503A031D@svn01-us-west.apache.org>,chtyim
Tue Jun 21 23:22:27 2016,http://mail-archives.apache.org/mod_mbox/tephra-commits/201606.mbox/<20160621232212.481503A031D@svn01-us-west.apache.org>,chtyim
Tue Jun 21 23:22:27 2016,http://mail-archives.apache.org/mod_mbox/tephra-commits/201606.mbox/<20160621232212.481503A031D@svn01-us-west.apache.org>,chtyim
Tue Jun 21 23:22:27 2016,http://mail-archives.apache.org/mod_mbox/tephra-commits/201606.mbox/<20160621232212.481503A031D@svn01-us-west.apache.org>,chtyim
Tue Jun 21 23:22:27 2016,http://mail-archives.apache.org/mod_mbox/tephra-commits/201606.mbox/<20160621232212.481503A031D@svn01-us-west.apache.org>,chtyim
Tue Jun 21 23:22:27 2016,http://mail-archives.apache.org/mod_mbox/tephra-commits/201606.mbox/<20160621232212.481503A031D@svn01-us-west.apache.org>,chtyim
Tue Jun 21 23:22:27 2016,http://mail-archives.apache.org/mod_mbox/tephra-commits/201606.mbox/<20160621232212.481503A031D@svn01-us-west.apache.org>,chtyim
Tue Jun 21 23:22:27 2016,http://mail-archives.apache.org/mod_mbox/tephra-commits/201606.mbox/<20160621232212.481503A031D@svn01-us-west.apache.org>,chtyim
Tue Jun 21 23:22:27 2016,http://mail-archives.apache.org/mod_mbox/tephra-commits/201606.mbox/<20160621232212.481503A031D@svn01-us-west.apache.org>,chtyim
Tue Jun 21 23:22:27 2016,http://mail-archives.apache.org/mod_mbox/tephra-commits/201606.mbox/<20160621232212.481503A031D@svn01-us-west.apache.org>,chtyim
Tue Jun 21 23:22:27 2016,http://mail-archives.apache.org/mod_mbox/tephra-commits/201606.mbox/<20160621232212.481503A031D@svn01-us-west.apache.org>,chtyim
Tue Jun 21 23:22:27 2016,http://mail-archives.apache.org/mod_mbox/tephra-commits/201606.mbox/<20160621232212.481503A031D@svn01-us-west.apache.org>,chtyim
Tue Jun 21 23:22:27 2016,http://mail-archives.apache.org/mod_mbox/tephra-commits/201606.mbox/<20160621232212.481503A031D@svn01-us-west.apache.org>,chtyim
Tue Jun 21 23:22:27 2016,http://mail-archives.apache.org/mod_mbox/tephra-commits/201606.mbox/<20160621232212.481503A031D@svn01-us-west.apache.org>,chtyim
Tue Jun 21 23:22:27 2016,http://mail-archives.apache.org/mod_mbox/tephra-commits/201606.mbox/<20160621232212.481503A031D@svn01-us-west.apache.org>,chtyim
Tue Jun 21 23:22:27 2016,http://mail-archives.apache.org/mod_mbox/tephra-commits/201606.mbox/<20160621232212.481503A031D@svn01-us-west.apache.org>,chtyim
Tue Jun 21 23:22:27 2016,http://mail-archives.apache.org/mod_mbox/tephra-commits/201606.mbox/<20160621232212.481503A031D@svn01-us-west.apache.org>,chtyim
Tue Jun 21 23:22:27 2016,http://mail-archives.apache.org/mod_mbox/tephra-commits/201606.mbox/<20160621232212.481503A031D@svn01-us-west.apache.org>,chtyim
Tue Jun 21 23:22:27 2016,http://mail-archives.apache.org/mod_mbox/tephra-commits/201606.mbox/<20160621232212.481503A031D@svn01-us-west.apache.org>,chtyim
Tue Jun 21 23:22:27 2016,http://mail-archives.apache.org/mod_mbox/tephra-commits/201606.mbox/<20160621232212.481503A031D@svn01-us-west.apache.org>,chtyim
Tue Jun 21 23:22:28 2016,http://mail-archives.apache.org/mod_mbox/tephra-commits/201606.mbox/<20160621232212.4AA363A06E1@svn01-us-west.apache.org>,chtyim
Tue Jun 21 23:22:28 2016,http://mail-archives.apache.org/mod_mbox/tephra-commits/201606.mbox/<20160621232212.3F56E3A031D@svn01-us-west.apache.org>,chtyim
Tue Jun 21 23:22:28 2016,http://mail-archives.apache.org/mod_mbox/tephra-commits/201606.mbox/<20160621232212.3F56E3A031D@svn01-us-west.apache.org>,chtyim
Tue Jun 21 23:22:28 2016,http://mail-archives.apache.org/mod_mbox/tephra-commits/201606.mbox/<20160621232212.3F56E3A031D@svn01-us-west.apache.org>,chtyim
Tue Jun 21 23:22:28 2016,http://mail-archives.apache.org/mod_mbox/tephra-commits/201606.mbox/<20160621232212.3F56E3A031D@svn01-us-west.apache.org>,chtyim
Tue Jun 21 23:22:28 2016,http://mail-archives.apache.org/mod_mbox/tephra-commits/201606.mbox/<20160621232212.3F56E3A031D@svn01-us-west.apache.org>,chtyim
Tue Jun 21 23:22:28 2016,http://mail-archives.apache.org/mod_mbox/tephra-commits/201606.mbox/<20160621232212.3F56E3A031D@svn01-us-west.apache.org>,chtyim
Tue Jun 21 23:22:28 2016,http://mail-archives.apache.org/mod_mbox/tephra-commits/201606.mbox/<20160621232212.3F56E3A031D@svn01-us-west.apache.org>,chtyim
Tue Jun 21 23:22:28 2016,http://mail-archives.apache.org/mod_mbox/tephra-commits/201606.mbox/<20160621232212.3F56E3A031D@svn01-us-west.apache.org>,chtyim
Tue Jun 21 23:22:28 2016,http://mail-archives.apache.org/mod_mbox/tephra-commits/201606.mbox/<20160621232212.3F56E3A031D@svn01-us-west.apache.org>,chtyim
Tue Jun 21 23:22:28 2016,http://mail-archives.apache.org/mod_mbox/tephra-commits/201606.mbox/<20160621232212.3F56E3A031D@svn01-us-west.apache.org>,chtyim
Tue Jun 21 23:22:28 2016,http://mail-archives.apache.org/mod_mbox/tephra-commits/201606.mbox/<20160621232212.3F56E3A031D@svn01-us-west.apache.org>,chtyim
Tue Jun 21 23:22:28 2016,http://mail-archives.apache.org/mod_mbox/tephra-commits/201606.mbox/<20160621232212.3F56E3A031D@svn01-us-west.apache.org>,chtyim
Tue Jun 21 23:22:28 2016,http://mail-archives.apache.org/mod_mbox/tephra-commits/201606.mbox/<20160621232212.3F56E3A031D@svn01-us-west.apache.org>,chtyim
Tue Jun 21 23:22:28 2016,http://mail-archives.apache.org/mod_mbox/tephra-commits/201606.mbox/<20160621232212.3F56E3A031D@svn01-us-west.apache.org>,chtyim
Tue Jun 21 23:22:28 2016,http://mail-archives.apache.org/mod_mbox/tephra-commits/201606.mbox/<20160621232212.3F56E3A031D@svn01-us-west.apache.org>,chtyim
Tue Jun 21 23:22:28 2016,http://mail-archives.apache.org/mod_mbox/tephra-commits/201606.mbox/<20160621232212.3F56E3A031D@svn01-us-west.apache.org>,chtyim
Tue Jun 21 23:22:28 2016,http://mail-archives.apache.org/mod_mbox/tephra-commits/201606.mbox/<20160621232212.3F56E3A031D@svn01-us-west.apache.org>,chtyim
Tue Jun 21 23:22:28 2016,http://mail-archives.apache.org/mod_mbox/tephra-commits/201606.mbox/<20160621232212.3F56E3A031D@svn01-us-west.apache.org>,chtyim
Tue Jun 21 23:22:28 2016,http://mail-archives.apache.org/mod_mbox/tephra-commits/201606.mbox/<20160621232212.4AA363A06E1@svn01-us-west.apache.org>,chtyim
Tue Jun 21 23:22:28 2016,http://mail-archives.apache.org/mod_mbox/tephra-commits/201606.mbox/<20160621232212.3F56E3A031D@svn01-us-west.apache.org>,chtyim
Tue Jun 21 23:22:28 2016,http://mail-archives.apache.org/mod_mbox/tephra-commits/201606.mbox/<20160621232212.3F56E3A031D@svn01-us-west.apache.org>,chtyim
Tue Jun 21 23:22:28 2016,http://mail-archives.apache.org/mod_mbox/tephra-commits/201606.mbox/<20160621232212.3F56E3A031D@svn01-us-west.apache.org>,chtyim
Tue Jun 21 23:22:28 2016,http://mail-archives.apache.org/mod_mbox/tephra-commits/201606.mbox/<20160621232212.3F56E3A031D@svn01-us-west.apache.org>,chtyim
Tue Jun 21 23:22:28 2016,http://mail-archives.apache.org/mod_mbox/tephra-commits/201606.mbox/<20160621232212.3F56E3A031D@svn01-us-west.apache.org>,chtyim
Tue Jun 21 23:22:28 2016,http://mail-archives.apache.org/mod_mbox/tephra-commits/201606.mbox/<20160621232212.3F56E3A031D@svn01-us-west.apache.org>,chtyim
Tue Jun 21 23:22:28 2016,http://mail-archives.apache.org/mod_mbox/tephra-commits/201606.mbox/<20160621232212.3F56E3A031D@svn01-us-west.apache.org>,chtyim
Tue Jun 21 23:22:28 2016,http://mail-archives.apache.org/mod_mbox/tephra-commits/201606.mbox/<20160621232212.3F56E3A031D@svn01-us-west.apache.org>,chtyim
Tue Jun 21 23:22:28 2016,http://mail-archives.apache.org/mod_mbox/tephra-commits/201606.mbox/<20160621232212.4AA363A06E1@svn01-us-west.apache.org>,chtyim
Tue Jun 21 23:22:28 2016,http://mail-archives.apache.org/mod_mbox/tephra-commits/201606.mbox/<20160621232212.4AA363A06E1@svn01-us-west.apache.org>,chtyim
Tue Jun 21 23:22:28 2016,http://mail-archives.apache.org/mod_mbox/tephra-commits/201606.mbox/<20160621232212.4AA363A06E1@svn01-us-west.apache.org>,chtyim
Tue Jun 21 23:22:28 2016,http://mail-archives.apache.org/mod_mbox/tephra-commits/201606.mbox/<20160621232212.4AA363A06E1@svn01-us-west.apache.org>,chtyim
Tue Jun 21 23:22:28 2016,http://mail-archives.apache.org/mod_mbox/tephra-commits/201606.mbox/<20160621232212.3F56E3A031D@svn01-us-west.apache.org>,chtyim
Tue Jun 21 23:22:28 2016,http://mail-archives.apache.org/mod_mbox/tephra-commits/201606.mbox/<20160621232212.4AA363A06E1@svn01-us-west.apache.org>,chtyim
Tue Jun 21 23:22:28 2016,http://mail-archives.apache.org/mod_mbox/tephra-commits/201606.mbox/<20160621232212.4AA363A06E1@svn01-us-west.apache.org>,chtyim
Tue Jun 21 23:22:28 2016,http://mail-archives.apache.org/mod_mbox/tephra-commits/201606.mbox/<20160621232212.3F56E3A031D@svn01-us-west.apache.org>,chtyim
Tue Jun 21 23:22:28 2016,http://mail-archives.apache.org/mod_mbox/tephra-commits/201606.mbox/<20160621232212.4AA363A06E1@svn01-us-west.apache.org>,chtyim
Tue Jun 21 23:22:28 2016,http://mail-archives.apache.org/mod_mbox/tephra-commits/201606.mbox/<20160621232212.4AA363A06E1@svn01-us-west.apache.org>,chtyim
Tue Jun 21 23:22:28 2016,http://mail-archives.apache.org/mod_mbox/tephra-commits/201606.mbox/<20160621232212.4AA363A06E1@svn01-us-west.apache.org>,chtyim
Tue Jun 21 23:22:28 2016,http://mail-archives.apache.org/mod_mbox/tephra-commits/201606.mbox/<20160621232212.4AA363A06E1@svn01-us-west.apache.org>,chtyim
Tue Jun 21 23:22:28 2016,http://mail-archives.apache.org/mod_mbox/tephra-commits/201606.mbox/<20160621232212.4AA363A06E1@svn01-us-west.apache.org>,chtyim
Tue Jun 21 23:22:28 2016,http://mail-archives.apache.org/mod_mbox/tephra-commits/201606.mbox/<20160621232212.4AA363A06E1@svn01-us-west.apache.org>,chtyim
Tue Jun 21 23:22:28 2016,http://mail-archives.apache.org/mod_mbox/tephra-commits/201606.mbox/<20160621232212.4AA363A06E1@svn01-us-west.apache.org>,chtyim
Tue Jun 21 23:22:28 2016,http://mail-archives.apache.org/mod_mbox/tephra-commits/201606.mbox/<20160621232212.4AA363A06E1@svn01-us-west.apache.org>,chtyim
Tue Jun 21 23:22:28 2016,http://mail-archives.apache.org/mod_mbox/tephra-commits/201606.mbox/<20160621232212.4AA363A06E1@svn01-us-west.apache.org>,chtyim
Tue Jun 21 23:22:28 2016,http://mail-archives.apache.org/mod_mbox/tephra-commits/201606.mbox/<20160621232212.4AA363A06E1@svn01-us-west.apache.org>,chtyim
Tue Jun 21 23:22:28 2016,http://mail-archives.apache.org/mod_mbox/tephra-commits/201606.mbox/<20160621232212.4AA363A06E1@svn01-us-west.apache.org>,chtyim
Tue Jun 21 23:22:28 2016,http://mail-archives.apache.org/mod_mbox/tephra-commits/201606.mbox/<20160621232212.4AA363A06E1@svn01-us-west.apache.org>,chtyim
Tue Jun 21 23:22:28 2016,http://mail-archives.apache.org/mod_mbox/tephra-commits/201606.mbox/<20160621232212.4AA363A06E1@svn01-us-west.apache.org>,chtyim
Tue Jun 21 23:22:28 2016,http://mail-archives.apache.org/mod_mbox/tephra-commits/201606.mbox/<20160621232212.3F56E3A031D@svn01-us-west.apache.org>,chtyim
Tue Jun 21 23:22:28 2016,http://mail-archives.apache.org/mod_mbox/tephra-commits/201606.mbox/<20160621232212.4AA363A06E1@svn01-us-west.apache.org>,chtyim
Tue Jun 21 23:22:28 2016,http://mail-archives.apache.org/mod_mbox/tephra-commits/201606.mbox/<20160621232212.4AA363A06E1@svn01-us-west.apache.org>,chtyim
Tue Jun 21 23:22:28 2016,http://mail-archives.apache.org/mod_mbox/tephra-commits/201606.mbox/<20160621232212.3F56E3A031D@svn01-us-west.apache.org>,chtyim
Tue Jun 21 23:22:28 2016,http://mail-archives.apache.org/mod_mbox/tephra-commits/201606.mbox/<20160621232212.4AA363A06E1@svn01-us-west.apache.org>,chtyim
Tue Jun 21 23:22:28 2016,http://mail-archives.apache.org/mod_mbox/tephra-commits/201606.mbox/<20160621232212.4AA363A06E1@svn01-us-west.apache.org>,chtyim
Tue Jun 21 23:22:28 2016,http://mail-archives.apache.org/mod_mbox/tephra-commits/201606.mbox/<20160621232212.4AA363A06E1@svn01-us-west.apache.org>,chtyim
Tue Jun 21 23:22:28 2016,http://mail-archives.apache.org/mod_mbox/tephra-commits/201606.mbox/<20160621232212.4AA363A06E1@svn01-us-west.apache.org>,chtyim
Tue Jun 21 23:22:28 2016,http://mail-archives.apache.org/mod_mbox/tephra-commits/201606.mbox/<20160621232212.4AA363A06E1@svn01-us-west.apache.org>,chtyim
Tue Jun 21 23:22:28 2016,http://mail-archives.apache.org/mod_mbox/tephra-commits/201606.mbox/<20160621232212.4AA363A06E1@svn01-us-west.apache.org>,chtyim
Tue Jun 21 23:22:28 2016,http://mail-archives.apache.org/mod_mbox/tephra-commits/201606.mbox/<20160621232212.4AA363A06E1@svn01-us-west.apache.org>,chtyim
Tue Jun 21 23:22:28 2016,http://mail-archives.apache.org/mod_mbox/tephra-commits/201606.mbox/<20160621232212.4AA363A06E1@svn01-us-west.apache.org>,chtyim
Tue Jun 21 23:22:28 2016,http://mail-archives.apache.org/mod_mbox/tephra-commits/201606.mbox/<20160621232212.4AA363A06E1@svn01-us-west.apache.org>,chtyim
Tue Jun 21 23:22:28 2016,http://mail-archives.apache.org/mod_mbox/tephra-commits/201606.mbox/<20160621232212.4AA363A06E1@svn01-us-west.apache.org>,chtyim
Tue Jun 21 23:22:28 2016,http://mail-archives.apache.org/mod_mbox/tephra-commits/201606.mbox/<20160621232212.4AA363A06E1@svn01-us-west.apache.org>,chtyim
Tue Jun 21 23:22:28 2016,http://mail-archives.apache.org/mod_mbox/tephra-commits/201606.mbox/<20160621232212.4AA363A06E1@svn01-us-west.apache.org>,chtyim
Tue Jun 21 23:22:28 2016,http://mail-archives.apache.org/mod_mbox/tephra-commits/201606.mbox/<20160621232212.4AA363A06E1@svn01-us-west.apache.org>,chtyim
Tue Jun 21 23:22:28 2016,http://mail-archives.apache.org/mod_mbox/tephra-commits/201606.mbox/<20160621232212.4AA363A06E1@svn01-us-west.apache.org>,chtyim
Tue Jun 21 23:22:28 2016,http://mail-archives.apache.org/mod_mbox/tephra-commits/201606.mbox/<20160621232212.4AA363A06E1@svn01-us-west.apache.org>,chtyim
Tue Jun 21 23:22:28 2016,http://mail-archives.apache.org/mod_mbox/tephra-commits/201606.mbox/<20160621232212.4AA363A06E1@svn01-us-west.apache.org>,chtyim
Tue Jun 21 23:22:28 2016,http://mail-archives.apache.org/mod_mbox/tephra-commits/201606.mbox/<20160621232212.4AA363A06E1@svn01-us-west.apache.org>,chtyim
Tue Jun 21 23:22:28 2016,http://mail-archives.apache.org/mod_mbox/tephra-commits/201606.mbox/<20160621232212.4AA363A06E1@svn01-us-west.apache.org>,chtyim
Tue Jun 21 23:22:28 2016,http://mail-archives.apache.org/mod_mbox/tephra-commits/201606.mbox/<20160621232212.4AA363A06E1@svn01-us-west.apache.org>,chtyim
Tue Jun 21 23:22:28 2016,http://mail-archives.apache.org/mod_mbox/tephra-commits/201606.mbox/<20160621232212.4AA363A06E1@svn01-us-west.apache.org>,chtyim
Tue Jun 21 23:22:28 2016,http://mail-archives.apache.org/mod_mbox/tephra-commits/201606.mbox/<20160621232212.4AA363A06E1@svn01-us-west.apache.org>,chtyim
Tue Jun 21 23:22:28 2016,http://mail-archives.apache.org/mod_mbox/tephra-commits/201606.mbox/<20160621232212.4AA363A06E1@svn01-us-west.apache.org>,chtyim
Tue Jun 21 23:22:28 2016,http://mail-archives.apache.org/mod_mbox/tephra-commits/201606.mbox/<20160621232212.4AA363A06E1@svn01-us-west.apache.org>,chtyim
Tue Jun 21 23:22:28 2016,http://mail-archives.apache.org/mod_mbox/tephra-commits/201606.mbox/<20160621232212.4AA363A06E1@svn01-us-west.apache.org>,chtyim
Tue Jun 21 23:22:28 2016,http://mail-archives.apache.org/mod_mbox/tephra-commits/201606.mbox/<20160621232212.4AA363A06E1@svn01-us-west.apache.org>,chtyim
Tue Jun 21 23:22:28 2016,http://mail-archives.apache.org/mod_mbox/tephra-commits/201606.mbox/<20160621232212.4AA363A06E1@svn01-us-west.apache.org>,chtyim
Tue Jun 21 23:22:28 2016,http://mail-archives.apache.org/mod_mbox/tephra-commits/201606.mbox/<20160621232212.4AA363A06E1@svn01-us-west.apache.org>,chtyim
Tue Jun 21 23:22:28 2016,http://mail-archives.apache.org/mod_mbox/tephra-commits/201606.mbox/<20160621232212.4AA363A06E1@svn01-us-west.apache.org>,chtyim
Tue Jun 21 23:22:28 2016,http://mail-archives.apache.org/mod_mbox/tephra-commits/201606.mbox/<20160621232212.4AA363A06E1@svn01-us-west.apache.org>,chtyim
Tue Jun 21 23:22:28 2016,http://mail-archives.apache.org/mod_mbox/tephra-commits/201606.mbox/<20160621232212.4AA363A06E1@svn01-us-west.apache.org>,chtyim
Tue Jun 21 23:22:28 2016,http://mail-archives.apache.org/mod_mbox/tephra-commits/201606.mbox/<20160621232212.4AA363A06E1@svn01-us-west.apache.org>,chtyim
Tue Jun 21 23:22:28 2016,http://mail-archives.apache.org/mod_mbox/tephra-commits/201606.mbox/<20160621232212.4AA363A06E1@svn01-us-west.apache.org>,chtyim
Tue Jun 21 23:22:28 2016,http://mail-archives.apache.org/mod_mbox/tephra-commits/201606.mbox/<20160621232212.4AA363A06E1@svn01-us-west.apache.org>,chtyim
Tue Jun 21 23:22:28 2016,http://mail-archives.apache.org/mod_mbox/tephra-commits/201606.mbox/<20160621232212.4AA363A06E1@svn01-us-west.apache.org>,chtyim
Tue Jun 21 23:22:28 2016,http://mail-archives.apache.org/mod_mbox/tephra-commits/201606.mbox/<20160621232212.4AA363A06E1@svn01-us-west.apache.org>,chtyim
Tue Jun 21 23:22:28 2016,http://mail-archives.apache.org/mod_mbox/tephra-commits/201606.mbox/<20160621232212.4AA363A06E1@svn01-us-west.apache.org>,chtyim
Tue Jun 21 23:22:28 2016,http://mail-archives.apache.org/mod_mbox/tephra-commits/201606.mbox/<20160621232212.4AA363A06E1@svn01-us-west.apache.org>,chtyim
Tue Jun 21 23:22:28 2016,http://mail-archives.apache.org/mod_mbox/tephra-commits/201606.mbox/<20160621232212.4AA363A06E1@svn01-us-west.apache.org>,chtyim
Tue Jun 21 23:22:28 2016,http://mail-archives.apache.org/mod_mbox/tephra-commits/201606.mbox/<20160621232212.4AA363A06E1@svn01-us-west.apache.org>,chtyim
Tue Jun 21 23:22:28 2016,http://mail-archives.apache.org/mod_mbox/tephra-commits/201606.mbox/<20160621232212.4AA363A06E1@svn01-us-west.apache.org>,chtyim
Tue Jun 21 23:22:28 2016,http://mail-archives.apache.org/mod_mbox/tephra-commits/201606.mbox/<20160621232212.4AA363A06E1@svn01-us-west.apache.org>,chtyim
Tue Jun 21 23:22:28 2016,http://mail-archives.apache.org/mod_mbox/tephra-commits/201606.mbox/<20160621232212.4AA363A06E1@svn01-us-west.apache.org>,chtyim
Tue Jun 21 23:22:28 2016,http://mail-archives.apache.org/mod_mbox/tephra-commits/201606.mbox/<20160621232212.4AA363A06E1@svn01-us-west.apache.org>,chtyim
Tue Jun 21 23:22:28 2016,http://mail-archives.apache.org/mod_mbox/tephra-commits/201606.mbox/<20160621232212.4AA363A06E1@svn01-us-west.apache.org>,chtyim
Tue Jun 21 23:22:28 2016,http://mail-archives.apache.org/mod_mbox/tephra-commits/201606.mbox/<20160621232212.4AA363A06E1@svn01-us-west.apache.org>,chtyim
Tue Jun 21 23:22:28 2016,http://mail-archives.apache.org/mod_mbox/tephra-commits/201606.mbox/<20160621232212.4AA363A06E1@svn01-us-west.apache.org>,chtyim
Tue Jun 21 23:22:28 2016,http://mail-archives.apache.org/mod_mbox/tephra-commits/201606.mbox/<20160621232212.4AA363A06E1@svn01-us-west.apache.org>,chtyim
Tue Jun 21 23:22:28 2016,http://mail-archives.apache.org/mod_mbox/tephra-commits/201606.mbox/<20160621232212.4AA363A06E1@svn01-us-west.apache.org>,chtyim
Tue Jun 21 23:22:28 2016,http://mail-archives.apache.org/mod_mbox/tephra-commits/201606.mbox/<20160621232212.4AA363A06E1@svn01-us-west.apache.org>,chtyim
Tue Jun 21 23:22:28 2016,http://mail-archives.apache.org/mod_mbox/tephra-commits/201606.mbox/<20160621232212.4AA363A06E1@svn01-us-west.apache.org>,chtyim
Tue Jun 21 23:22:28 2016,http://mail-archives.apache.org/mod_mbox/tephra-commits/201606.mbox/<20160621232212.4AA363A06E1@svn01-us-west.apache.org>,chtyim
Tue Jun 21 23:22:29 2016,http://mail-archives.apache.org/mod_mbox/tephra-commits/201606.mbox/<20160621232212.501813A06E1@svn01-us-west.apache.org>,chtyim
Tue Jun 21 23:22:29 2016,http://mail-archives.apache.org/mod_mbox/tephra-commits/201606.mbox/<20160621232212.501813A06E1@svn01-us-west.apache.org>,chtyim
Tue Jun 21 23:22:29 2016,http://mail-archives.apache.org/mod_mbox/tephra-commits/201606.mbox/<20160621232212.501813A06E1@svn01-us-west.apache.org>,chtyim
Tue Jun 21 23:22:29 2016,http://mail-archives.apache.org/mod_mbox/tephra-commits/201606.mbox/<20160621232212.501813A06E1@svn01-us-west.apache.org>,chtyim
Tue Jun 21 23:22:29 2016,http://mail-archives.apache.org/mod_mbox/tephra-commits/201606.mbox/<20160621232212.501813A06E1@svn01-us-west.apache.org>,chtyim
Tue Jun 21 23:22:29 2016,http://mail-archives.apache.org/mod_mbox/tephra-commits/201606.mbox/<20160621232212.501813A06E1@svn01-us-west.apache.org>,chtyim
Tue Jun 21 23:22:29 2016,http://mail-archives.apache.org/mod_mbox/tephra-commits/201606.mbox/<20160621232212.501813A06E1@svn01-us-west.apache.org>,chtyim
Tue Jun 21 23:22:29 2016,http://mail-archives.apache.org/mod_mbox/tephra-commits/201606.mbox/<20160621232212.501813A06E1@svn01-us-west.apache.org>,chtyim
Tue Jun 21 23:22:29 2016,http://mail-archives.apache.org/mod_mbox/tephra-commits/201606.mbox/<20160621232212.501813A06E1@svn01-us-west.apache.org>,chtyim
Tue Jun 21 23:22:29 2016,http://mail-archives.apache.org/mod_mbox/tephra-commits/201606.mbox/<20160621232212.501813A06E1@svn01-us-west.apache.org>,chtyim
Tue Jun 21 23:22:29 2016,http://mail-archives.apache.org/mod_mbox/tephra-commits/201606.mbox/<20160621232212.501813A06E1@svn01-us-west.apache.org>,chtyim
Tue Jun 21 23:22:29 2016,http://mail-archives.apache.org/mod_mbox/tephra-commits/201606.mbox/<20160621232212.501813A06E1@svn01-us-west.apache.org>,chtyim
Tue Jun 21 23:22:29 2016,http://mail-archives.apache.org/mod_mbox/tephra-commits/201606.mbox/<20160621232212.501813A06E1@svn01-us-west.apache.org>,chtyim
Tue Jun 21 23:22:29 2016,http://mail-archives.apache.org/mod_mbox/tephra-commits/201606.mbox/<20160621232212.501813A06E1@svn01-us-west.apache.org>,chtyim
Tue Jun 21 23:22:29 2016,http://mail-archives.apache.org/mod_mbox/tephra-commits/201606.mbox/<20160621232212.501813A06E1@svn01-us-west.apache.org>,chtyim
Tue Jun 21 23:22:29 2016,http://mail-archives.apache.org/mod_mbox/tephra-commits/201606.mbox/<20160621232212.501813A06E1@svn01-us-west.apache.org>,chtyim
Tue Jun 21 23:22:29 2016,http://mail-archives.apache.org/mod_mbox/tephra-commits/201606.mbox/<20160621232212.501813A06E1@svn01-us-west.apache.org>,chtyim
Tue Jun 21 23:22:29 2016,http://mail-archives.apache.org/mod_mbox/tephra-commits/201606.mbox/<20160621232212.501813A06E1@svn01-us-west.apache.org>,chtyim
Tue Jun 21 23:22:29 2016,http://mail-archives.apache.org/mod_mbox/tephra-commits/201606.mbox/<20160621232212.501813A06E1@svn01-us-west.apache.org>,chtyim
Tue Jun 21 23:22:29 2016,http://mail-archives.apache.org/mod_mbox/tephra-commits/201606.mbox/<20160621232212.501813A06E1@svn01-us-west.apache.org>,chtyim
Tue Jun 21 23:22:29 2016,http://mail-archives.apache.org/mod_mbox/tephra-commits/201606.mbox/<20160621232212.501813A06E1@svn01-us-west.apache.org>,chtyim
Tue Jun 21 23:22:29 2016,http://mail-archives.apache.org/mod_mbox/tephra-commits/201606.mbox/<20160621232212.501813A06E1@svn01-us-west.apache.org>,chtyim
Tue Jun 21 23:22:29 2016,http://mail-archives.apache.org/mod_mbox/tephra-commits/201606.mbox/<20160621232212.501813A06E1@svn01-us-west.apache.org>,chtyim
Tue Jun 21 23:22:29 2016,http://mail-archives.apache.org/mod_mbox/tephra-commits/201606.mbox/<20160621232212.501813A06E1@svn01-us-west.apache.org>,chtyim
Tue Jun 21 23:22:29 2016,http://mail-archives.apache.org/mod_mbox/tephra-commits/201606.mbox/<20160621232212.501813A06E1@svn01-us-west.apache.org>,chtyim
Tue Jun 21 23:22:29 2016,http://mail-archives.apache.org/mod_mbox/tephra-commits/201606.mbox/<20160621232212.501813A06E1@svn01-us-west.apache.org>,chtyim
Tue Jun 21 23:22:29 2016,http://mail-archives.apache.org/mod_mbox/tephra-commits/201606.mbox/<20160621232212.501813A06E1@svn01-us-west.apache.org>,chtyim
Tue Jun 21 23:22:29 2016,http://mail-archives.apache.org/mod_mbox/tephra-commits/201606.mbox/<20160621232212.501813A06E1@svn01-us-west.apache.org>,chtyim
Tue Jun 21 23:22:29 2016,http://mail-archives.apache.org/mod_mbox/tephra-commits/201606.mbox/<20160621232212.501813A06E1@svn01-us-west.apache.org>,chtyim
Tue Jun 21 23:22:29 2016,http://mail-archives.apache.org/mod_mbox/tephra-commits/201606.mbox/<20160621232212.501813A06E1@svn01-us-west.apache.org>,chtyim
Tue Jun 21 23:22:29 2016,http://mail-archives.apache.org/mod_mbox/tephra-commits/201606.mbox/<20160621232212.501813A06E1@svn01-us-west.apache.org>,chtyim
Tue Jun 21 23:22:29 2016,http://mail-archives.apache.org/mod_mbox/tephra-commits/201606.mbox/<20160621232212.501813A06E1@svn01-us-west.apache.org>,chtyim
Tue Jun 21 23:22:29 2016,http://mail-archives.apache.org/mod_mbox/tephra-commits/201606.mbox/<20160621232212.501813A06E1@svn01-us-west.apache.org>,chtyim
Tue Jun 21 23:22:29 2016,http://mail-archives.apache.org/mod_mbox/tephra-commits/201606.mbox/<20160621232212.501813A06E1@svn01-us-west.apache.org>,chtyim
Tue Jun 21 23:22:29 2016,http://mail-archives.apache.org/mod_mbox/tephra-commits/201606.mbox/<20160621232212.501813A06E1@svn01-us-west.apache.org>,chtyim
Tue Jun 21 23:22:29 2016,http://mail-archives.apache.org/mod_mbox/tephra-commits/201606.mbox/<20160621232212.501813A06E1@svn01-us-west.apache.org>,chtyim
Tue Jun 21 23:22:29 2016,http://mail-archives.apache.org/mod_mbox/tephra-commits/201606.mbox/<20160621232212.501813A06E1@svn01-us-west.apache.org>,chtyim
Tue Jun 21 23:22:29 2016,http://mail-archives.apache.org/mod_mbox/tephra-commits/201606.mbox/<20160621232212.501813A06E1@svn01-us-west.apache.org>,chtyim
Tue Jun 21 23:22:29 2016,http://mail-archives.apache.org/mod_mbox/tephra-commits/201606.mbox/<20160621232212.501813A06E1@svn01-us-west.apache.org>,chtyim
Tue Jun 21 23:22:29 2016,http://mail-archives.apache.org/mod_mbox/tephra-commits/201606.mbox/<20160621232212.501813A06E1@svn01-us-west.apache.org>,chtyim
Tue Jun 21 23:22:29 2016,http://mail-archives.apache.org/mod_mbox/tephra-commits/201606.mbox/<20160621232212.501813A06E1@svn01-us-west.apache.org>,chtyim
Tue Jun 21 23:22:29 2016,http://mail-archives.apache.org/mod_mbox/tephra-commits/201606.mbox/<20160621232212.501813A06E1@svn01-us-west.apache.org>,chtyim
Tue Jun 21 23:22:29 2016,http://mail-archives.apache.org/mod_mbox/tephra-commits/201606.mbox/<20160621232212.501813A06E1@svn01-us-west.apache.org>,chtyim
Tue Jun 21 23:22:29 2016,http://mail-archives.apache.org/mod_mbox/tephra-commits/201606.mbox/<20160621232212.501813A06E1@svn01-us-west.apache.org>,chtyim
Tue Jun 21 23:22:29 2016,http://mail-archives.apache.org/mod_mbox/tephra-commits/201606.mbox/<20160621232212.501813A06E1@svn01-us-west.apache.org>,chtyim
Tue Jun 21 23:22:29 2016,http://mail-archives.apache.org/mod_mbox/tephra-commits/201606.mbox/<20160621232212.501813A06E1@svn01-us-west.apache.org>,chtyim
Tue Jun 21 23:22:29 2016,http://mail-archives.apache.org/mod_mbox/tephra-commits/201606.mbox/<20160621232212.501813A06E1@svn01-us-west.apache.org>,chtyim
Tue Jun 21 23:22:29 2016,http://mail-archives.apache.org/mod_mbox/tephra-commits/201606.mbox/<20160621232212.501813A06E1@svn01-us-west.apache.org>,chtyim
Tue Jun 21 23:22:29 2016,http://mail-archives.apache.org/mod_mbox/tephra-commits/201606.mbox/<20160621232212.501813A06E1@svn01-us-west.apache.org>,chtyim
Tue Jun 21 23:22:29 2016,http://mail-archives.apache.org/mod_mbox/tephra-commits/201606.mbox/<20160621232212.501813A06E1@svn01-us-west.apache.org>,chtyim
Tue Jun 21 23:22:29 2016,http://mail-archives.apache.org/mod_mbox/tephra-commits/201606.mbox/<20160621232212.501813A06E1@svn01-us-west.apache.org>,chtyim
Tue Jun 21 23:22:29 2016,http://mail-archives.apache.org/mod_mbox/tephra-commits/201606.mbox/<20160621232212.501813A06E1@svn01-us-west.apache.org>,chtyim
Tue Jun 21 23:22:29 2016,http://mail-archives.apache.org/mod_mbox/tephra-commits/201606.mbox/<20160621232212.501813A06E1@svn01-us-west.apache.org>,chtyim
Tue Jun 21 23:22:29 2016,http://mail-archives.apache.org/mod_mbox/tephra-commits/201606.mbox/<20160621232212.501813A06E1@svn01-us-west.apache.org>,chtyim
Tue Jun 21 23:22:29 2016,http://mail-archives.apache.org/mod_mbox/tephra-commits/201606.mbox/<20160621232212.501813A06E1@svn01-us-west.apache.org>,chtyim
Tue Jun 21 23:22:29 2016,http://mail-archives.apache.org/mod_mbox/tephra-commits/201606.mbox/<20160621232212.501813A06E1@svn01-us-west.apache.org>,chtyim
Tue Jun 21 23:22:29 2016,http://mail-archives.apache.org/mod_mbox/tephra-commits/201606.mbox/<20160621232212.501813A06E1@svn01-us-west.apache.org>,chtyim
Tue Jun 21 23:22:29 2016,http://mail-archives.apache.org/mod_mbox/tephra-commits/201606.mbox/<20160621232212.501813A06E1@svn01-us-west.apache.org>,chtyim
Tue Jun 21 23:22:29 2016,http://mail-archives.apache.org/mod_mbox/tephra-commits/201606.mbox/<20160621232212.501813A06E1@svn01-us-west.apache.org>,chtyim
Tue Jun 21 23:22:29 2016,http://mail-archives.apache.org/mod_mbox/tephra-commits/201606.mbox/<20160621232212.501813A06E1@svn01-us-west.apache.org>,chtyim
Tue Jun 21 23:22:29 2016,http://mail-archives.apache.org/mod_mbox/tephra-commits/201606.mbox/<20160621232212.501813A06E1@svn01-us-west.apache.org>,chtyim
Tue Jun 21 23:22:29 2016,http://mail-archives.apache.org/mod_mbox/tephra-commits/201606.mbox/<20160621232212.501813A06E1@svn01-us-west.apache.org>,chtyim
Tue Jun 21 23:22:29 2016,http://mail-archives.apache.org/mod_mbox/tephra-commits/201606.mbox/<20160621232212.501813A06E1@svn01-us-west.apache.org>,chtyim
Tue Jun 21 23:22:29 2016,http://mail-archives.apache.org/mod_mbox/tephra-commits/201606.mbox/<20160621232212.501813A06E1@svn01-us-west.apache.org>,chtyim
Tue Jun 21 23:22:29 2016,http://mail-archives.apache.org/mod_mbox/tephra-commits/201606.mbox/<20160621232212.501813A06E1@svn01-us-west.apache.org>,chtyim
Tue Jun 21 23:22:29 2016,http://mail-archives.apache.org/mod_mbox/tephra-commits/201606.mbox/<20160621232212.501813A06E1@svn01-us-west.apache.org>,chtyim
Tue Jun 21 23:22:29 2016,http://mail-archives.apache.org/mod_mbox/tephra-commits/201606.mbox/<20160621232212.501813A06E1@svn01-us-west.apache.org>,chtyim
Tue Jun 21 23:22:29 2016,http://mail-archives.apache.org/mod_mbox/tephra-commits/201606.mbox/<20160621232212.501813A06E1@svn01-us-west.apache.org>,chtyim
Tue Jun 21 23:22:29 2016,http://mail-archives.apache.org/mod_mbox/tephra-commits/201606.mbox/<20160621232212.501813A06E1@svn01-us-west.apache.org>,chtyim
Tue Jun 21 23:22:29 2016,http://mail-archives.apache.org/mod_mbox/tephra-commits/201606.mbox/<20160621232212.501813A06E1@svn01-us-west.apache.org>,chtyim
Tue Jun 21 23:22:29 2016,http://mail-archives.apache.org/mod_mbox/tephra-commits/201606.mbox/<20160621232212.501813A06E1@svn01-us-west.apache.org>,chtyim
Tue Jun 21 23:22:29 2016,http://mail-archives.apache.org/mod_mbox/tephra-commits/201606.mbox/<20160621232212.501813A06E1@svn01-us-west.apache.org>,chtyim
Tue Jun 21 23:22:29 2016,http://mail-archives.apache.org/mod_mbox/tephra-commits/201606.mbox/<20160621232212.501813A06E1@svn01-us-west.apache.org>,chtyim
Tue Jun 21 23:22:29 2016,http://mail-archives.apache.org/mod_mbox/tephra-commits/201606.mbox/<20160621232212.501813A06E1@svn01-us-west.apache.org>,chtyim
Tue Jun 21 23:22:29 2016,http://mail-archives.apache.org/mod_mbox/tephra-commits/201606.mbox/<20160621232212.501813A06E1@svn01-us-west.apache.org>,chtyim
Tue Jun 21 23:22:29 2016,http://mail-archives.apache.org/mod_mbox/tephra-commits/201606.mbox/<20160621232212.501813A06E1@svn01-us-west.apache.org>,chtyim
Tue Jun 21 23:22:29 2016,http://mail-archives.apache.org/mod_mbox/tephra-commits/201606.mbox/<20160621232212.501813A06E1@svn01-us-west.apache.org>,chtyim
Tue Jun 21 23:22:29 2016,http://mail-archives.apache.org/mod_mbox/tephra-commits/201606.mbox/<20160621232212.501813A06E1@svn01-us-west.apache.org>,chtyim
Tue Jun 21 23:22:29 2016,http://mail-archives.apache.org/mod_mbox/tephra-commits/201606.mbox/<20160621232212.501813A06E1@svn01-us-west.apache.org>,chtyim
Tue Jun 21 23:22:29 2016,http://mail-archives.apache.org/mod_mbox/tephra-commits/201606.mbox/<20160621232212.501813A06E1@svn01-us-west.apache.org>,chtyim
Tue Jun 21 23:22:29 2016,http://mail-archives.apache.org/mod_mbox/tephra-commits/201606.mbox/<20160621232212.501813A06E1@svn01-us-west.apache.org>,chtyim
Tue Jun 21 23:22:29 2016,http://mail-archives.apache.org/mod_mbox/tephra-commits/201606.mbox/<20160621232212.501813A06E1@svn01-us-west.apache.org>,chtyim
Tue Jun 21 23:22:29 2016,http://mail-archives.apache.org/mod_mbox/tephra-commits/201606.mbox/<20160621232212.501813A06E1@svn01-us-west.apache.org>,chtyim
Tue Jun 21 23:22:29 2016,http://mail-archives.apache.org/mod_mbox/tephra-commits/201606.mbox/<20160621232212.501813A06E1@svn01-us-west.apache.org>,chtyim
Tue Jun 21 23:22:29 2016,http://mail-archives.apache.org/mod_mbox/tephra-commits/201606.mbox/<20160621232212.501813A06E1@svn01-us-west.apache.org>,chtyim
Tue Jun 21 23:22:29 2016,http://mail-archives.apache.org/mod_mbox/tephra-commits/201606.mbox/<20160621232212.501813A06E1@svn01-us-west.apache.org>,chtyim
Tue Jun 21 23:22:29 2016,http://mail-archives.apache.org/mod_mbox/tephra-commits/201606.mbox/<20160621232212.501813A06E1@svn01-us-west.apache.org>,chtyim
Tue Jun 21 23:22:29 2016,http://mail-archives.apache.org/mod_mbox/tephra-commits/201606.mbox/<20160621232212.501813A06E1@svn01-us-west.apache.org>,chtyim
Tue Jun 21 23:43:12 2016,http://mail-archives.apache.org/mod_mbox/tephra-commits/201606.mbox/<20160621234305.7696E3A031D@svn01-us-west.apache.org>,chtyim
Tue Jun 21 23:43:12 2016,http://mail-archives.apache.org/mod_mbox/tephra-commits/201606.mbox/<20160621234305.7696E3A031D@svn01-us-west.apache.org>,chtyim
Tue Jun 21 23:43:12 2016,http://mail-archives.apache.org/mod_mbox/tephra-commits/201606.mbox/<20160621234305.7696E3A031D@svn01-us-west.apache.org>,chtyim
Tue Jun 21 23:43:12 2016,http://mail-archives.apache.org/mod_mbox/tephra-commits/201606.mbox/<20160621234305.7696E3A031D@svn01-us-west.apache.org>,chtyim
Tue Jun 21 23:43:12 2016,http://mail-archives.apache.org/mod_mbox/tephra-commits/201606.mbox/<20160621234305.7696E3A031D@svn01-us-west.apache.org>,chtyim
Tue Jun 21 23:43:12 2016,http://mail-archives.apache.org/mod_mbox/tephra-commits/201606.mbox/<20160621234305.7696E3A031D@svn01-us-west.apache.org>,chtyim
Tue Jun 21 23:43:12 2016,http://mail-archives.apache.org/mod_mbox/tephra-commits/201606.mbox/<20160621234305.7696E3A031D@svn01-us-west.apache.org>,chtyim
Tue Jun 21 23:43:12 2016,http://mail-archives.apache.org/mod_mbox/tephra-commits/201606.mbox/<20160621234305.7696E3A031D@svn01-us-west.apache.org>,chtyim
Tue Jun 21 23:43:12 2016,http://mail-archives.apache.org/mod_mbox/tephra-commits/201606.mbox/<20160621234305.7696E3A031D@svn01-us-west.apache.org>,chtyim
Tue Jun 21 23:43:12 2016,http://mail-archives.apache.org/mod_mbox/tephra-commits/201606.mbox/<20160621234305.7696E3A031D@svn01-us-west.apache.org>,chtyim
Tue Jun 21 23:43:12 2016,http://mail-archives.apache.org/mod_mbox/tephra-commits/201606.mbox/<20160621234305.7696E3A031D@svn01-us-west.apache.org>,chtyim
Tue Jun 21 23:43:12 2016,http://mail-archives.apache.org/mod_mbox/tephra-commits/201606.mbox/<20160621234305.7696E3A031D@svn01-us-west.apache.org>,chtyim
Tue Jun 21 23:43:12 2016,http://mail-archives.apache.org/mod_mbox/tephra-commits/201606.mbox/<20160621234305.7696E3A031D@svn01-us-west.apache.org>,chtyim
Tue Jun 21 23:43:12 2016,http://mail-archives.apache.org/mod_mbox/tephra-commits/201606.mbox/<20160621234305.7696E3A031D@svn01-us-west.apache.org>,chtyim
Thu Jun 23 07:04:05 2016,http://mail-archives.apache.org/mod_mbox/tephra-commits/201606.mbox/<20160623070401.5F19E3A031D@svn01-us-west.apache.org>,chtyim
Thu Jun 30 18:12:08 2016,http://mail-archives.apache.org/mod_mbox/tephra-commits/201606.mbox/<20160630181206.AD8EE3A0316@svn01-us-west.apache.org>,chtyim
Thu Jun 30 18:12:08 2016,http://mail-archives.apache.org/mod_mbox/tephra-commits/201606.mbox/<20160630181206.AD8EE3A0316@svn01-us-west.apache.org>,chtyim
