human_date_time,link,sender_names_alias
Tue Apr 10 10:27:17 2007,http://mail-archives.apache.org/mod_mbox/tuscany-commits/200704.mbox/<20070410102656.745031A9838@eris.apache.org>,robbinspg
Tue Apr 10 10:27:17 2007,http://mail-archives.apache.org/mod_mbox/tuscany-commits/200704.mbox/<20070410102656.745031A9838@eris.apache.org>,robbinspg
Tue Apr 10 10:27:17 2007,http://mail-archives.apache.org/mod_mbox/tuscany-commits/200704.mbox/<20070410102656.745031A9838@eris.apache.org>,robbinspg
Tue Apr 10 10:36:26 2007,http://mail-archives.apache.org/mod_mbox/tuscany-commits/200704.mbox/<20070410103605.29F841A9838@eris.apache.org>,robbinspg
Tue Apr 10 10:36:26 2007,http://mail-archives.apache.org/mod_mbox/tuscany-commits/200704.mbox/<20070410103605.29F841A9838@eris.apache.org>,robbinspg
Tue Apr 10 10:36:26 2007,http://mail-archives.apache.org/mod_mbox/tuscany-commits/200704.mbox/<20070410103605.29F841A9838@eris.apache.org>,robbinspg
Tue Apr 10 10:36:26 2007,http://mail-archives.apache.org/mod_mbox/tuscany-commits/200704.mbox/<20070410103605.29F841A9838@eris.apache.org>,robbinspg
Tue Apr 24 07:14:02 2007,http://mail-archives.apache.org/mod_mbox/tuscany-commits/200704.mbox/<20070424071341.2A7C51A9838@eris.apache.org>,robbinspg
Tue Apr 24 07:40:35 2007,http://mail-archives.apache.org/mod_mbox/tuscany-commits/200704.mbox/<20070424074014.4FB111A9838@eris.apache.org>,robbinspg
Thu Apr 26 09:09:02 2007,http://mail-archives.apache.org/mod_mbox/tuscany-commits/200704.mbox/<20070426090841.705D11A9838@eris.apache.org>,robbinspg
Thu Apr 26 09:49:32 2007,http://mail-archives.apache.org/mod_mbox/tuscany-commits/200704.mbox/<20070426094911.54D2E1A9838@eris.apache.org>,robbinspg
Thu Apr 26 15:03:25 2007,http://mail-archives.apache.org/mod_mbox/tuscany-commits/200704.mbox/<20070426150304.2412D1A9838@eris.apache.org>,robbinspg
