human_date_time,link,sender_names_alias
Fri Jun 15 16:31:22 2012,http://mail-archives.apache.org/mod_mbox/flex-dev/201206.mbox/<585A56429BAA4EF48967D9A4CBAF766A@gmail.com>,rwinscot
Fri Jun 15 16:38:56 2012,http://mail-archives.apache.org/mod_mbox/flex-dev/201206.mbox/<302AEAFC1A794028AFF40DAAA3387AA9@gmail.com>,rwinscot
Mon Jun 18 16:07:38 2012,http://mail-archives.apache.org/mod_mbox/flex-dev/201206.mbox/<804BB186639246EF9DB88CE30E496FDE@gmail.com>,rwinscot
Tue Jun  5 17:55:53 2012,http://mail-archives.apache.org/mod_mbox/flex-dev/201206.mbox/<BAFB75F76AB7450CBB892312F8EC3493@gmail.com>,rwinscot
Tue Jun 19 11:29:11 2012,http://mail-archives.apache.org/mod_mbox/flex-dev/201206.mbox/<CAGjXta745kgFC77Y34tsvt18BBsKvbsoduQ77viFd3DSyS-DJw@mail.gmail.com>,rwinscot
Tue Jun 19 21:33:46 2012,http://mail-archives.apache.org/mod_mbox/flex-dev/201206.mbox/<CAGjXta4nQoxXXbtJKEtuJZtN36TZSp+hy1PM93X=dQuW-B+KWg@mail.gmail.com>,rwinscot
Wed Jun  6 20:31:21 2012,http://mail-archives.apache.org/mod_mbox/flex-dev/201206.mbox/<2439EE2FCBCB44A7B948B18F24E53030@gmail.com>,rwinscot
Wed Jun  6 21:36:04 2012,http://mail-archives.apache.org/mod_mbox/flex-dev/201206.mbox/<95FD2149FC2D45BCB17E41D41C00B82B@gmail.com>,rwinscot
