human_date_time,link,sender_names_alias
Fri Aug 11 08:54:47 2006,http://mail-archives.apache.org/mod_mbox/harmony-dev/200608.mbox/<44DC45A5.9010101@gmail.com>,tellison
Fri Aug 11 08:55:25 2006,http://mail-archives.apache.org/mod_mbox/harmony-dev/200608.mbox/<44DC45D3.7090301@gmail.com>,tellison
Fri Aug 11 09:17:09 2006,http://mail-archives.apache.org/mod_mbox/harmony-dev/200608.mbox/<44DC4AD9.40202@gmail.com>,tellison
Fri Aug 11 09:42:49 2006,http://mail-archives.apache.org/mod_mbox/harmony-dev/200608.mbox/<44DC50DF.7080505@gmail.com>,tellison
Fri Aug 11 09:52:53 2006,http://mail-archives.apache.org/mod_mbox/harmony-dev/200608.mbox/<44DC530E.7060005@gmail.com>,tellison
Fri Aug 11 14:06:57 2006,http://mail-archives.apache.org/mod_mbox/harmony-dev/200608.mbox/<44DC8EE5.4060402@gmail.com>,tellison
Fri Aug 11 14:12:18 2006,http://mail-archives.apache.org/mod_mbox/harmony-dev/200608.mbox/<44DC9024.8050305@gmail.com>,tellison
Fri Aug 11 14:24:19 2006,http://mail-archives.apache.org/mod_mbox/harmony-dev/200608.mbox/<44DC92F7.70402@gmail.com>,tellison
Fri Aug 18 14:10:23 2006,http://mail-archives.apache.org/mod_mbox/harmony-dev/200608.mbox/<44E5CA27.4000609@gmail.com>,tellison
Fri Aug 18 14:11:50 2006,http://mail-archives.apache.org/mod_mbox/harmony-dev/200608.mbox/<44E5CA85.6060307@gmail.com>,tellison
Fri Aug 18 14:14:59 2006,http://mail-archives.apache.org/mod_mbox/harmony-dev/200608.mbox/<44E5CB47.5040402@gmail.com>,tellison
Fri Aug 18 14:19:12 2006,http://mail-archives.apache.org/mod_mbox/harmony-dev/200608.mbox/<44E5CC3E.9010501@gmail.com>,tellison
Sat Aug 12 21:31:39 2006,http://mail-archives.apache.org/mod_mbox/harmony-dev/200608.mbox/<44DE488A.6070007@gmail.com>,tellison
Thu Aug 17 15:35:04 2006,http://mail-archives.apache.org/mod_mbox/harmony-dev/200608.mbox/<44E48C8E.1030502@gmail.com>,tellison
Thu Aug 17 15:42:47 2006,http://mail-archives.apache.org/mod_mbox/harmony-dev/200608.mbox/<44E48E5A.6080603@gmail.com>,tellison
Tue Aug 29 02:25:00 2006,http://mail-archives.apache.org/mod_mbox/harmony-dev/200608.mbox/<44F3A553.6080808@gmail.com>,tellison
Tue Aug 29 02:26:34 2006,http://mail-archives.apache.org/mod_mbox/harmony-dev/200608.mbox/<44F3A5BD.6030109@gmail.com>,tellison
Wed Aug 16 20:13:51 2006,http://mail-archives.apache.org/mod_mbox/harmony-dev/200608.mbox/<44E37C57.8040001@gmail.com>,tellison
Wed Aug 16 20:37:05 2006,http://mail-archives.apache.org/mod_mbox/harmony-dev/200608.mbox/<44E381D5.2080401@gmail.com>,tellison
Wed Aug 16 20:40:44 2006,http://mail-archives.apache.org/mod_mbox/harmony-dev/200608.mbox/<44E382AD.8020505@gmail.com>,tellison
